# bag_frame  world_T_cam (4x4, row-major)  -- world: live_cam_pose(camera_height=1.02, yaw=0) from meta.json
15 1.000000 0.000000 0.000000 0.000000 0.000000 0.000000 1.000000 0.000000 0.000000 -1.000000 0.000000 1.020000 0.000000 0.000000 0.000000 1.000000
16 0.999998 -0.001428 0.001010 0.008111 -0.001012 -0.001386 0.999999 0.004447 -0.001427 -0.999998 -0.001388 1.013270 0.000000 0.000000 0.000000 1.000000
17 0.999995 -0.002472 0.002061 0.011556 -0.002060 0.000014 0.999998 0.005892 -0.002472 -0.999997 0.000009 1.006193 0.000000 0.000000 0.000000 1.000000
18 0.999997 -0.002033 0.001470 0.014627 -0.001470 -0.000069 0.999999 0.008565 -0.002033 -0.999998 -0.000072 1.004704 0.000000 0.000000 0.000000 1.000000
19 0.999997 -0.002384 0.000858 0.014994 -0.000860 -0.000851 0.999999 0.008542 -0.002383 -0.999997 -0.000853 1.003472 0.000000 0.000000 0.000000 1.000000
20 0.999995 -0.002868 0.001417 0.016245 -0.001417 0.000106 0.999999 0.011560 -0.002868 -0.999996 0.000102 1.000634 0.000000 0.000000 0.000000 1.000000
21 0.999994 -0.003158 0.001357 0.017494 -0.001359 -0.000652 0.999999 0.010706 -0.003157 -0.999995 -0.000656 1.000334 0.000000 0.000000 0.000000 1.000000
22 0.999995 -0.002365 0.002224 0.018189 -0.002230 -0.002409 0.999995 0.012036 -0.002360 -0.999994 -0.002414 1.001508 0.000000 0.000000 0.000000 1.000000
23 0.999995 -0.002504 0.002150 0.018432 -0.002153 -0.001422 0.999997 0.012406 -0.002501 -0.999996 -0.001427 0.999419 0.000000 0.000000 0.000000 1.000000
24 0.999989 -0.003722 0.002731 0.020367 -0.002736 -0.001339 0.999995 0.013308 -0.003718 -0.999992 -0.001349 0.998400 0.000000 0.000000 0.000000 1.000000
25 0.999996 -0.002506 0.000918 0.022527 -0.000920 -0.000964 0.999999 0.014266 -0.002505 -0.999996 -0.000966 0.997450 0.000000 0.000000 0.000000 1.000000
26 0.999994 -0.002481 0.002329 0.021876 -0.002334 -0.001752 0.999996 0.015047 -0.002477 -0.999995 -0.001757 0.998244 0.000000 0.000000 0.000000 1.000000
27 0.999995 -0.002726 0.001830 0.022540 -0.001835 -0.001578 0.999997 0.015085 -0.002723 -0.999995 -0.001583 0.996670 0.000000 0.000000 0.000000 1.000000
28 0.999995 -0.002720 0.001428 0.023393 -0.001431 -0.001060 0.999998 0.015956 -0.002719 -0.999996 -0.001064 0.995253 0.000000 0.000000 0.000000 1.000000
29 0.999995 -0.002710 0.001609 0.024001 -0.001617 -0.003035 0.999994 0.016492 -0.002705 -0.999992 -0.003040 0.998904 0.000000 0.000000 0.000000 1.000000
30 0.999997 -0.001969 0.001624 0.024092 -0.001628 -0.001784 0.999997 0.015932 -0.001966 -0.999996 -0.001788 0.996332 0.000000 0.000000 0.000000 1.000000
31 0.999998 -0.001087 0.001583 0.024837 -0.001585 -0.001701 0.999997 0.017189 -0.001084 -0.999998 -0.001703 0.995793 0.000000 0.000000 0.000000 1.000000
32 0.999991 -0.002939 0.003034 0.023213 -0.003040 -0.001899 0.999994 0.016448 -0.002933 -0.999994 -0.001908 0.994942 0.000000 0.000000 0.000000 1.000000
33 0.999994 -0.002402 0.002308 0.023947 -0.002310 -0.000871 0.999997 0.016277 -0.002400 -0.999997 -0.000877 0.992650 0.000000 0.000000 0.000000 1.000000
34 0.999994 -0.002982 0.001724 0.026724 -0.001731 -0.002460 0.999995 0.017630 -0.002978 -0.999993 -0.002465 0.995201 0.000000 0.000000 0.000000 1.000000
35 0.999995 -0.002597 0.001944 0.026330 -0.001949 -0.001969 0.999996 0.018020 -0.002593 -0.999995 -0.001974 0.994049 0.000000 0.000000 0.000000 1.000000
36 0.999996 -0.002623 0.000670 0.028442 -0.000670 -0.000006 1.000000 0.018049 -0.002623 -0.999997 -0.000008 0.989379 0.000000 0.000000 0.000000 1.000000
37 0.999990 -0.004276 0.001487 0.028619 -0.001494 -0.001767 0.999997 0.018073 -0.004273 -0.999989 -0.001773 0.991730 0.000000 0.000000 0.000000 1.000000
38 0.999997 -0.002322 0.001080 0.027706 -0.001083 -0.001447 0.999998 0.019980 -0.002320 -0.999996 -0.001450 0.991712 0.000000 0.000000 0.000000 1.000000
39 0.999997 -0.002223 0.000427 0.030664 -0.000427 -0.000104 1.000000 0.019080 -0.002223 -0.999998 -0.000105 0.988559 0.000000 0.000000 0.000000 1.000000
40 0.999996 -0.002437 0.001056 0.029380 -0.001060 -0.001770 0.999998 0.019451 -0.002436 -0.999995 -0.001773 0.991330 0.000000 0.000000 0.000000 1.000000
41 0.999996 -0.002321 0.001531 0.028398 -0.001531 -0.000199 0.999999 0.020120 -0.002321 -0.999997 -0.000203 0.988521 0.000000 0.000000 0.000000 1.000000
42 0.999990 -0.003465 0.002656 0.027556 -0.002659 -0.000862 0.999996 0.020292 -0.003463 -0.999994 -0.000871 0.989128 0.000000 0.000000 0.000000 1.000000
43 0.999994 -0.003336 0.001188 0.030189 -0.001194 -0.001914 0.999997 0.019991 -0.003334 -0.999993 -0.001918 0.990677 0.000000 0.000000 0.000000 1.000000
44 0.999992 -0.003745 0.001035 0.031242 -0.001039 -0.000835 0.999999 0.020516 -0.003744 -0.999993 -0.000839 0.988601 0.000000 0.000000 0.000000 1.000000
45 0.999996 -0.002575 0.000658 0.031177 -0.000661 -0.001274 0.999999 0.019835 -0.002575 -0.999996 -0.001275 0.988553 0.000000 0.000000 0.000000 1.000000
46 0.999987 -0.004556 0.002199 0.030324 -0.002201 -0.000433 0.999997 0.021634 -0.004555 -0.999990 -0.000443 0.986841 0.000000 0.000000 0.000000 1.000000
47 0.999991 -0.004050 0.001560 0.031088 -0.001562 -0.000731 0.999999 0.020923 -0.004049 -0.999992 -0.000737 0.987779 0.000000 0.000000 0.000000 1.000000
48 0.999994 -0.003336 0.001335 0.031124 -0.001337 -0.000560 0.999999 0.021501 -0.003335 -0.999994 -0.000565 0.986151 0.000000 0.000000 0.000000 1.000000
49 0.999995 -0.002955 0.001205 0.030964 -0.001207 -0.000387 0.999999 0.021172 -0.002954 -0.999996 -0.000391 0.985897 0.000000 0.000000 0.000000 1.000000
50 0.999996 -0.002606 0.001337 0.031614 -0.001338 -0.000312 0.999999 0.021251 -0.002606 -0.999997 -0.000315 0.985568 0.000000 0.000000 0.000000 1.000000
51 0.999993 -0.003455 0.001456 0.032716 -0.001459 -0.000907 0.999999 0.021954 -0.003454 -0.999994 -0.000912 0.986862 0.000000 0.000000 0.000000 1.000000
52 0.999994 -0.003292 0.000731 0.033264 -0.000735 -0.001236 0.999999 0.022065 -0.003291 -0.999994 -0.001239 0.986750 0.000000 0.000000 0.000000 1.000000
53 0.999996 -0.002610 0.000814 0.032012 -0.000814 0.000042 1.000000 0.021149 -0.002610 -0.999997 0.000040 0.983921 0.000000 0.000000 0.000000 1.000000
54 0.999996 -0.002673 0.001202 0.032454 -0.001202 -0.000045 0.999999 0.022094 -0.002673 -0.999996 -0.000048 0.984380 0.000000 0.000000 0.000000 1.000000
55 0.999995 -0.002388 0.001967 0.031745 -0.001970 -0.001325 0.999997 0.023061 -0.002386 -0.999996 -0.001329 0.987061 0.000000 0.000000 0.000000 1.000000
56 0.999996 -0.002354 0.001673 0.032108 -0.001677 -0.001793 0.999997 0.021890 -0.002351 -0.999996 -0.001797 0.987128 0.000000 0.000000 0.000000 1.000000
57 0.999999 -0.000743 0.001144 0.032584 -0.001145 -0.000988 0.999999 0.023239 -0.000742 -0.999999 -0.000989 0.986761 0.000000 0.000000 0.000000 1.000000
58 0.999996 -0.002533 0.001003 0.033897 -0.001001 0.000779 0.999999 0.022033 -0.002534 -0.999996 0.000776 0.982617 0.000000 0.000000 0.000000 1.000000
59 0.999995 -0.002644 0.001693 0.032851 -0.001695 -0.000758 0.999998 0.021979 -0.002643 -0.999996 -0.000763 0.985281 0.000000 0.000000 0.000000 1.000000
60 0.999994 -0.002807 0.001933 0.032797 -0.001939 -0.001897 0.999996 0.023350 -0.002803 -0.999994 -0.001903 0.987110 0.000000 0.000000 0.000000 1.000000
61 0.999998 -0.001532 0.001420 0.032271 -0.001421 -0.000139 0.999999 0.022605 -0.001532 -0.999999 -0.000141 0.983811 0.000000 0.000000 0.000000 1.000000
62 0.999996 -0.001999 0.001752 0.032063 -0.001754 -0.000828 0.999998 0.022685 -0.001997 -0.999998 -0.000831 0.984208 0.000000 0.000000 0.000000 1.000000
63 0.999993 -0.003304 0.001858 0.033673 -0.001861 -0.000990 0.999998 0.023002 -0.003302 -0.999994 -0.000996 0.984791 0.000000 0.000000 0.000000 1.000000
64 0.999997 -0.002271 0.000861 0.034529 -0.000865 -0.001494 0.999999 0.023626 -0.002270 -0.999996 -0.001496 0.985964 0.000000 0.000000 0.000000 1.000000
65 0.999993 -0.003218 0.002010 0.032699 -0.002018 -0.002246 0.999995 0.022740 -0.003214 -0.999992 -0.002253 0.986013 0.000000 0.000000 0.000000 1.000000
66 0.999993 -0.003061 0.001936 0.034010 -0.001942 -0.001815 0.999996 0.022309 -0.003058 -0.999994 -0.001821 0.984621 0.000000 0.000000 0.000000 1.000000
67 0.999993 -0.003291 0.002041 0.033085 -0.002046 -0.001223 0.999997 0.022683 -0.003288 -0.999994 -0.001230 0.983787 0.000000 0.000000 0.000000 1.000000
68 0.999991 -0.004066 0.001277 0.034632 -0.001283 -0.001626 0.999998 0.024768 -0.004064 -0.999990 -0.001632 0.983455 0.000000 0.000000 0.000000 1.000000
69 0.999990 -0.003219 0.003006 0.032639 -0.003020 -0.004312 0.999986 0.023219 -0.003206 -0.999986 -0.004322 0.987709 0.000000 0.000000 0.000000 1.000000
70 0.999990 -0.003860 0.002044 0.033242 -0.002055 -0.002765 0.999994 0.024989 -0.003854 -0.999989 -0.002773 0.986282 0.000000 0.000000 0.000000 1.000000
71 0.999984 -0.005362 0.001826 0.034720 -0.001840 -0.002525 0.999995 0.024188 -0.005358 -0.999982 -0.002535 0.982387 0.000000 0.000000 0.000000 1.000000
72 0.999896 -0.014057 0.003222 0.036593 -0.003334 -0.007949 0.999963 0.024484 -0.014031 -0.999870 -0.007995 0.979681 0.000000 0.000000 0.000000 1.000000
73 0.999455 -0.031969 0.008275 0.037767 -0.009254 -0.030605 0.999489 0.027197 -0.031700 -0.999020 -0.030884 0.978133 0.000000 0.000000 0.000000 1.000000
74 0.998518 -0.053397 0.010496 0.040458 -0.014773 -0.080329 0.996659 0.034313 -0.052375 -0.995337 -0.080999 0.984305 0.000000 0.000000 0.000000 1.000000
75 0.998243 -0.057967 0.012275 0.044555 -0.018368 -0.105775 0.994220 0.042015 -0.056333 -0.992699 -0.106654 0.990624 0.000000 0.000000 0.000000 1.000000
76 0.998744 -0.048425 0.012892 0.047546 -0.017388 -0.093594 0.995459 0.046024 -0.046998 -0.994432 -0.094318 0.995980 0.000000 0.000000 0.000000 1.000000
77 0.999197 -0.036648 0.016219 0.050868 -0.019070 -0.078825 0.996706 0.046642 -0.035249 -0.996215 -0.079460 1.003564 0.000000 0.000000 0.000000 1.000000
78 0.999524 -0.027238 0.014511 0.050676 -0.016486 -0.073739 0.997141 0.049350 -0.026091 -0.996906 -0.074152 1.006077 0.000000 0.000000 0.000000 1.000000
79 0.999573 -0.027273 0.010501 0.053844 -0.012427 -0.071418 0.997369 0.053713 -0.026451 -0.997074 -0.071726 1.006772 0.000000 0.000000 0.000000 1.000000
80 0.999541 -0.028635 0.009865 0.055854 -0.011756 -0.066656 0.997707 0.055728 -0.027912 -0.997365 -0.066962 1.007952 0.000000 0.000000 0.000000 1.000000
81 0.999446 -0.030899 0.012333 0.054987 -0.014494 -0.070720 0.997391 0.060652 -0.029946 -0.997018 -0.071129 1.008436 0.000000 0.000000 0.000000 1.000000
82 0.999336 -0.033217 0.014959 0.055700 -0.017529 -0.078470 0.996762 0.067112 -0.031935 -0.996363 -0.079000 1.008702 0.000000 0.000000 0.000000 1.000000
83 0.998926 -0.038309 0.026059 0.054343 -0.029432 -0.090284 0.995481 0.075970 -0.035783 -0.995179 -0.091315 1.014601 0.000000 0.000000 0.000000 1.000000
84 0.998365 -0.039867 0.040974 0.056747 -0.044493 -0.091814 0.994782 0.081873 -0.035897 -0.994978 -0.093438 1.009610 0.000000 0.000000 0.000000 1.000000
85 0.997418 -0.039735 0.059829 0.057440 -0.063317 -0.093261 0.993626 0.093641 -0.033902 -0.994848 -0.095536 1.011998 0.000000 0.000000 0.000000 1.000000
86 0.995661 -0.042979 0.082535 0.055895 -0.086268 -0.093812 0.991845 0.100819 -0.034885 -0.994662 -0.097112 1.010267 0.000000 0.000000 0.000000 1.000000
87 0.993073 -0.048994 0.106801 0.055477 -0.111160 -0.097118 0.989046 0.113909 -0.038085 -0.994066 -0.101891 1.011028 0.000000 0.000000 0.000000 1.000000
88 0.989685 -0.052979 0.133102 0.056466 -0.137926 -0.101270 0.985252 0.127860 -0.038718 -0.993447 -0.107533 1.012452 0.000000 0.000000 0.000000 1.000000
89 0.985258 -0.056021 0.161641 0.058141 -0.166788 -0.104397 0.980450 0.142273 -0.038051 -0.992957 -0.112201 1.012096 0.000000 0.000000 0.000000 1.000000
90 0.978770 -0.061603 0.195484 0.057732 -0.201346 -0.110643 0.973251 0.159136 -0.038326 -0.991949 -0.120697 1.017269 0.000000 0.000000 0.000000 1.000000
91 0.970213 -0.070089 0.231891 0.059647 -0.238652 -0.112115 0.964612 0.171792 -0.041610 -0.991220 -0.125503 1.015606 0.000000 0.000000 0.000000 1.000000
92 0.959271 -0.081809 0.270381 0.061428 -0.278277 -0.109054 0.954290 0.185856 -0.048584 -0.990664 -0.127378 1.013678 0.000000 0.000000 0.000000 1.000000
93 0.948922 -0.086490 0.303426 0.064359 -0.311585 -0.105630 0.944329 0.197438 -0.049624 -0.990637 -0.127184 1.012828 0.000000 0.000000 0.000000 1.000000
94 0.939479 -0.089230 0.330782 0.065134 -0.338978 -0.101969 0.935252 0.209538 -0.049723 -0.990778 -0.126045 1.011302 0.000000 0.000000 0.000000 1.000000
95 0.931908 -0.089181 0.351560 0.068318 -0.359529 -0.099337 0.927832 0.221518 -0.047822 -0.991049 -0.124636 1.011413 0.000000 0.000000 0.000000 1.000000
96 0.924444 -0.087932 0.371040 0.069393 -0.378915 -0.102776 0.919707 0.233297 -0.042737 -0.990810 -0.128330 1.011296 0.000000 0.000000 0.000000 1.000000
97 0.915527 -0.089513 0.392171 0.070565 -0.400720 -0.117792 0.908597 0.245483 -0.035136 -0.988996 -0.143712 1.008593 0.000000 0.000000 0.000000 1.000000
98 0.907043 -0.091956 0.410873 0.074194 -0.420096 -0.132425 0.897766 0.257823 -0.028146 -0.986918 -0.158746 1.006737 0.000000 0.000000 0.000000 1.000000
99 0.897559 -0.088619 0.431896 0.078244 -0.440434 -0.135483 0.887504 0.269046 -0.020136 -0.986809 -0.160635 1.005031 0.000000 0.000000 0.000000 1.000000
100 0.887270 -0.074145 0.455252 0.076643 -0.461235 -0.134351 0.877048 0.279257 -0.003865 -0.988156 -0.153404 1.002930 0.000000 0.000000 0.000000 1.000000
101 0.877236 -0.071058 0.474771 0.079683 -0.480023 -0.141985 0.865690 0.287426 0.005896 -0.987315 -0.158664 1.005008 0.000000 0.000000 0.000000 1.000000
102 0.870792 -0.067973 0.486931 0.077144 -0.491389 -0.152706 0.857448 0.296148 0.016074 -0.985931 -0.166376 1.001568 0.000000 0.000000 0.000000 1.000000
103 0.864999 -0.067652 0.497192 0.076319 -0.501471 -0.150911 0.851911 0.303346 0.017398 -0.986230 -0.164463 0.991543 0.000000 0.000000 0.000000 1.000000
104 0.863884 -0.063700 0.499647 0.074717 -0.503451 -0.139812 0.852637 0.307330 0.015544 -0.988127 -0.152851 0.985019 0.000000 0.000000 0.000000 1.000000
105 0.866853 -0.069195 0.493739 0.067127 -0.498527 -0.132440 0.856698 0.315740 0.006112 -0.988773 -0.149301 0.982561 0.000000 0.000000 0.000000 1.000000
106 0.880978 -0.068304 0.468201 0.060335 -0.473142 -0.135056 0.870573 0.325885 0.003770 -0.988481 -0.151299 0.974139 0.000000 0.000000 0.000000 1.000000
107 0.900274 -0.064801 0.430473 0.046542 -0.435268 -0.149758 0.887758 0.342967 0.006939 -0.986597 -0.163029 0.971157 0.000000 0.000000 0.000000 1.000000
108 0.919613 -0.064419 0.387508 0.036812 -0.392789 -0.164388 0.904817 0.353180 0.005414 -0.984290 -0.176477 0.965098 0.000000 0.000000 0.000000 1.000000
109 0.934815 -0.062427 0.349604 0.020955 -0.355132 -0.167362 0.919712 0.363442 0.001096 -0.983917 -0.178623 0.960510 0.000000 0.000000 0.000000 1.000000
110 0.943426 -0.057542 0.326552 0.011179 -0.331547 -0.149213 0.931564 0.368076 -0.004878 -0.987129 -0.159849 0.955720 0.000000 0.000000 0.000000 1.000000
111 0.947471 -0.057968 0.314544 -0.002461 -0.319449 -0.122857 0.939605 0.371773 -0.015823 -0.990730 -0.134922 0.944434 0.000000 0.000000 0.000000 1.000000
112 0.949494 -0.054953 0.308934 -0.014175 -0.313093 -0.100626 0.944377 0.373894 -0.020809 -0.993406 -0.112749 0.931099 0.000000 0.000000 0.000000 1.000000
113 0.952320 -0.046852 0.301482 -0.027636 -0.304542 -0.086188 0.948592 0.378834 -0.018459 -0.995177 -0.096347 0.921717 0.000000 0.000000 0.000000 1.000000
114 0.956163 -0.042064 0.289798 -0.034799 -0.292144 -0.069043 0.953879 0.379372 -0.020115 -0.996726 -0.078305 0.906782 0.000000 0.000000 0.000000 1.000000
115 0.961643 -0.044149 0.270729 -0.041982 -0.272997 -0.057749 0.960280 0.383155 -0.026762 -0.997354 -0.067586 0.894104 0.000000 0.000000 0.000000 1.000000
116 0.970582 -0.048962 0.235741 -0.045039 -0.238235 -0.053514 0.969732 0.388334 -0.034864 -0.997366 -0.063604 0.880758 0.000000 0.000000 0.000000 1.000000
117 0.979145 -0.053156 0.196084 -0.050433 -0.199159 -0.060517 0.978097 0.394374 -0.040125 -0.996751 -0.069842 0.868064 0.000000 0.000000 0.000000 1.000000
118 0.985157 -0.060178 0.160759 -0.056255 -0.164651 -0.066529 0.984106 0.399157 -0.048527 -0.995968 -0.075450 0.851136 0.000000 0.000000 0.000000 1.000000
119 0.988341 -0.070466 0.134967 -0.060303 -0.139277 -0.060309 0.988415 0.401181 -0.061510 -0.995689 -0.069420 0.836683 0.000000 0.000000 0.000000 1.000000
120 0.989956 -0.087872 0.110753 -0.062260 -0.115054 -0.045476 0.992318 0.401616 -0.082160 -0.995093 -0.055129 0.820144 0.000000 0.000000 0.000000 1.000000
121 0.991523 -0.103011 0.079187 -0.062610 -0.083179 -0.035051 0.995918 0.405229 -0.099815 -0.994062 -0.043322 0.803689 0.000000 0.000000 0.000000 1.000000
122 0.992673 -0.111253 0.047146 -0.068465 -0.051368 -0.035385 0.998053 0.409210 -0.109368 -0.993162 -0.040840 0.787774 0.000000 0.000000 0.000000 1.000000
123 0.993607 -0.111639 0.016760 -0.074171 -0.021870 -0.044711 0.998761 0.413362 -0.110751 -0.992742 -0.046867 0.771223 0.000000 0.000000 0.000000 1.000000
124 0.994047 -0.108640 -0.008212 -0.080672 0.002490 -0.052697 0.998607 0.419900 -0.108921 -0.992683 -0.052112 0.756277 0.000000 0.000000 0.000000 1.000000
125 0.994018 -0.106627 -0.023635 -0.084648 0.017910 -0.054332 0.998362 0.423955 -0.107736 -0.992814 -0.052097 0.736873 0.000000 0.000000 0.000000 1.000000
126 0.994295 -0.103285 -0.026637 -0.089821 0.020566 -0.059400 0.998022 0.428498 -0.104663 -0.992877 -0.056937 0.721414 0.000000 0.000000 0.000000 1.000000
127 0.995127 -0.094088 -0.029489 -0.089587 0.023498 -0.064164 0.997663 0.432706 -0.095760 -0.993494 -0.061641 0.702770 0.000000 0.000000 0.000000 1.000000
128 0.996180 -0.081396 -0.031614 -0.096133 0.025960 -0.069603 0.997237 0.437791 -0.083372 -0.994248 -0.067224 0.687698 0.000000 0.000000 0.000000 1.000000
129 0.997325 -0.067035 -0.029148 -0.100682 0.024513 -0.068952 0.997319 0.441439 -0.068865 -0.995365 -0.067124 0.668445 0.000000 0.000000 0.000000 1.000000
130 0.998417 -0.048226 -0.028950 -0.106399 0.025624 -0.068212 0.997342 0.444304 -0.050073 -0.996505 -0.066868 0.648023 0.000000 0.000000 0.000000 1.000000
131 0.999036 -0.031773 -0.030303 -0.111533 0.027947 -0.072164 0.997001 0.449828 -0.033865 -0.996887 -0.071206 0.630940 0.000000 0.000000 0.000000 1.000000
132 0.999391 -0.022970 -0.026265 -0.118092 0.024517 -0.073344 0.997005 0.452831 -0.024828 -0.997042 -0.072736 0.616328 0.000000 0.000000 0.000000 1.000000
133 0.999560 -0.018359 -0.023297 -0.121863 0.022012 -0.067293 0.997490 0.453594 -0.019880 -0.997564 -0.066859 0.598611 0.000000 0.000000 0.000000 1.000000
134 0.999555 -0.017798 -0.023946 -0.126932 0.022686 -0.067945 0.997431 0.455322 -0.019379 -0.997530 -0.067511 0.582036 0.000000 0.000000 0.000000 1.000000
135 0.999376 -0.018065 -0.030356 -0.132890 0.028874 -0.077325 0.996588 0.456448 -0.020351 -0.996842 -0.076755 0.567572 0.000000 0.000000 0.000000 1.000000
136 0.999252 -0.013097 -0.036396 -0.138538 0.035128 -0.086644 0.995620 0.458952 -0.016193 -0.996153 -0.086119 0.553443 0.000000 0.000000 0.000000 1.000000
137 0.999302 -0.010053 -0.035986 -0.141529 0.034982 -0.086671 0.995623 0.459049 -0.013128 -0.996186 -0.086259 0.540598 0.000000 0.000000 0.000000 1.000000
138 0.999485 -0.009731 -0.030577 -0.147139 0.029760 -0.075215 0.996723 0.456134 -0.011999 -0.997120 -0.074887 0.528768 0.000000 0.000000 0.000000 1.000000
139 0.999497 -0.010050 -0.030095 -0.150618 0.029460 -0.058223 0.997869 0.453899 -0.011781 -0.998253 -0.057898 0.513525 0.000000 0.000000 0.000000 1.000000
140 0.999493 -0.005064 -0.031427 -0.156756 0.031116 -0.052868 0.998117 0.454811 -0.006715 -0.998589 -0.052684 0.500248 0.000000 0.000000 0.000000 1.000000
141 0.999388 0.004466 -0.034702 -0.158867 0.034924 -0.067389 0.997115 0.455446 0.002115 -0.997717 -0.067504 0.488666 0.000000 0.000000 0.000000 1.000000
142 0.999491 0.018483 -0.026013 -0.164147 0.027350 -0.076183 0.996719 0.455804 0.016440 -0.996923 -0.076650 0.472979 0.000000 0.000000 0.000000 1.000000
143 0.999438 0.030059 -0.014828 -0.168376 0.016978 -0.072567 0.997219 0.456313 0.028899 -0.996910 -0.073037 0.464220 0.000000 0.000000 0.000000 1.000000
144 0.999575 0.029123 0.000944 -0.174304 0.000835 -0.060991 0.998138 0.454114 0.029126 -0.997713 -0.060989 0.456422 0.000000 0.000000 0.000000 1.000000
145 0.999498 0.030233 0.009436 -0.179472 -0.008055 -0.045462 0.998934 0.453607 0.030630 -0.998508 -0.045196 0.447239 0.000000 0.000000 0.000000 1.000000
146 0.999139 0.036517 0.019680 -0.190451 -0.018452 -0.033687 0.999262 0.454392 0.037153 -0.998765 -0.032984 0.442817 0.000000 0.000000 0.000000 1.000000
147 0.998631 0.041118 0.032342 -0.200657 -0.031255 -0.026806 0.999152 0.454735 0.041950 -0.998795 -0.025484 0.434868 0.000000 0.000000 0.000000 1.000000
148 0.998304 0.042695 0.039582 -0.212868 -0.038505 -0.025763 0.998926 0.455455 0.043669 -0.998756 -0.024075 0.428896 0.000000 0.000000 0.000000 1.000000
149 0.998005 0.041073 0.047948 -0.223027 -0.046750 -0.029646 0.998467 0.458022 0.042431 -0.998716 -0.027666 0.419650 0.000000 0.000000 0.000000 1.000000
150 0.997523 0.034059 0.061553 -0.233009 -0.059912 -0.047269 0.997084 0.461753 0.036869 -0.998301 -0.045111 0.412890 0.000000 0.000000 0.000000 1.000000
151 0.996574 0.035744 0.074578 -0.239602 -0.072120 -0.065719 0.995228 0.467005 0.040475 -0.997198 -0.062916 0.404065 0.000000 0.000000 0.000000 1.000000
152 0.995276 0.026926 0.093273 -0.250887 -0.090968 -0.076901 0.992880 0.474463 0.033907 -0.996675 -0.074088 0.400726 0.000000 0.000000 0.000000 1.000000
153 0.993875 0.019259 0.108815 -0.258022 -0.107153 -0.072786 0.991575 0.485055 0.027017 -0.997162 -0.070276 0.398167 0.000000 0.000000 0.000000 1.000000
154 0.991147 0.010947 0.132320 -0.264061 -0.131368 -0.063699 0.989285 0.495660 0.019258 -0.997909 -0.061697 0.397404 0.000000 0.000000 0.000000 1.000000
155 0.986983 0.009290 0.160558 -0.274297 -0.159760 -0.058148 0.985442 0.510251 0.018491 -0.998265 -0.055907 0.399376 0.000000 0.000000 0.000000 1.000000
156 0.981830 0.012699 0.189336 -0.282070 -0.188436 -0.052493 0.980682 0.524225 0.022392 -0.998541 -0.049147 0.402749 0.000000 0.000000 0.000000 1.000000
157 0.975561 0.011418 0.219431 -0.286905 -0.218781 -0.042126 0.974864 0.537930 0.020374 -0.999047 -0.038598 0.403405 0.000000 0.000000 0.000000 1.000000
158 0.969328 0.008097 0.245637 -0.295005 -0.245128 -0.040361 0.968650 0.553483 0.017758 -0.999152 -0.037138 0.405598 0.000000 0.000000 0.000000 1.000000
159 0.964836 0.009175 0.262692 -0.300148 -0.262031 -0.045370 0.963992 0.570795 0.020763 -0.998928 -0.041370 0.405748 0.000000 0.000000 0.000000 1.000000
160 0.959945 0.007560 0.280086 -0.302801 -0.279395 -0.049362 0.958907 0.584064 0.021075 -0.998752 -0.045273 0.405194 0.000000 0.000000 0.000000 1.000000
161 0.953790 0.002494 0.300462 -0.312381 -0.300008 -0.047672 0.952745 0.599262 0.016699 -0.998860 -0.044721 0.407765 0.000000 0.000000 0.000000 1.000000
162 0.949883 -0.002233 0.312596 -0.316873 -0.312451 -0.038049 0.949171 0.610463 0.009775 -0.999273 -0.036839 0.408938 0.000000 0.000000 0.000000 1.000000
163 0.947089 -0.004599 0.320937 -0.324323 -0.320925 -0.030402 0.946617 0.621931 0.005403 -0.999527 -0.030269 0.412850 0.000000 0.000000 0.000000 1.000000
164 0.943532 -0.006608 0.331217 -0.336344 -0.331281 -0.021635 0.943284 0.632564 0.000933 -0.999744 -0.022602 0.416722 0.000000 0.000000 0.000000 1.000000
165 0.940911 -0.005078 0.338615 -0.343866 -0.338653 -0.015291 0.940787 0.639159 0.000400 -0.999870 -0.016107 0.422864 0.000000 0.000000 0.000000 1.000000
166 0.940199 -0.004304 0.340600 -0.349197 -0.340627 -0.011807 0.940124 0.645426 -0.000025 -0.999921 -0.012567 0.428892 0.000000 0.000000 0.000000 1.000000
167 0.939650 -0.011305 0.341950 -0.352152 -0.342111 -0.018878 0.939470 0.648181 -0.004165 -0.999758 -0.021606 0.438167 0.000000 0.000000 0.000000 1.000000
168 0.940114 -0.013234 0.340603 -0.354747 -0.340852 -0.029273 0.939661 0.651249 -0.002465 -0.999484 -0.032031 0.444847 0.000000 0.000000 0.000000 1.000000
169 0.938414 -0.013738 0.345240 -0.351266 -0.345501 -0.045450 0.937317 0.652746 0.002815 -0.998872 -0.047397 0.455753 0.000000 0.000000 0.000000 1.000000
170 0.937156 -0.008337 0.348810 -0.343314 -0.348757 -0.051928 0.935773 0.648849 0.010311 -0.998616 -0.051572 0.464901 0.000000 0.000000 0.000000 1.000000
171 0.933388 -0.005013 0.358833 -0.331450 -0.358619 -0.050257 0.932130 0.642428 0.013361 -0.998724 -0.048707 0.478191 0.000000 0.000000 0.000000 1.000000
172 0.929595 0.006399 0.368527 -0.322042 -0.367873 -0.045911 0.928742 0.636140 0.022862 -0.998925 -0.040325 0.492645 0.000000 0.000000 0.000000 1.000000
173 0.927923 0.016506 0.372407 -0.304641 -0.371669 -0.035859 0.927672 0.624439 0.028666 -0.999221 -0.027139 0.502634 0.000000 0.000000 0.000000 1.000000
174 0.928477 0.029471 0.370219 -0.292142 -0.369633 -0.023522 0.928880 0.617020 0.036083 -0.999289 -0.010946 0.509927 0.000000 0.000000 0.000000 1.000000
175 0.930529 0.046094 0.363306 -0.275980 -0.362511 -0.024861 0.931648 0.606165 0.051976 -0.998628 -0.006425 0.520301 0.000000 0.000000 0.000000 1.000000
176 0.931671 0.069370 0.356619 -0.262624 -0.354716 -0.038461 0.934183 0.596635 0.078520 -0.996849 -0.011227 0.530647 0.000000 0.000000 0.000000 1.000000
177 0.936896 0.090553 0.337678 -0.248950 -0.333643 -0.056962 0.940977 0.588083 0.104443 -0.994261 -0.023155 0.545849 0.000000 0.000000 0.000000 1.000000
178 0.947931 0.114356 0.297237 -0.239583 -0.291859 -0.061593 0.954476 0.582823 0.127458 -0.991529 -0.025010 0.561231 0.000000 0.000000 0.000000 1.000000
179 0.956965 0.129219 0.259847 -0.224749 -0.254453 -0.056928 0.965408 0.572040 0.139542 -0.989981 -0.021598 0.577537 0.000000 0.000000 0.000000 1.000000
180 0.960417 0.151374 0.233849 -0.213778 -0.226335 -0.065340 0.971855 0.566070 0.162393 -0.986315 -0.028493 0.598756 0.000000 0.000000 0.000000 1.000000
181 0.960906 0.164942 0.222382 -0.200338 -0.212273 -0.076798 0.974188 0.553073 0.177763 -0.983309 -0.038783 0.614409 0.000000 0.000000 0.000000 1.000000
182 0.961603 0.176175 0.210434 -0.190165 -0.200650 -0.071827 0.977026 0.542125 0.187242 -0.981735 -0.033719 0.632375 0.000000 0.000000 0.000000 1.000000
183 0.963046 0.172393 0.206936 -0.178505 -0.202257 -0.044479 0.978322 0.523984 0.177860 -0.984023 -0.007968 0.646123 0.000000 0.000000 0.000000 1.000000
184 0.963948 0.160760 0.212038 -0.165223 -0.212088 -0.017052 0.977102 0.503418 0.160695 -0.986846 0.017658 0.652468 0.000000 0.000000 0.000000 1.000000
185 0.964872 0.146824 0.217863 -0.156815 -0.217104 -0.021375 0.975914 0.490508 0.147944 -0.988932 0.011252 0.662453 0.000000 0.000000 0.000000 1.000000
186 0.966515 0.131462 0.220376 -0.145453 -0.216254 -0.045026 0.975298 0.481075 0.138137 -0.990298 -0.015089 0.671010 0.000000 0.000000 0.000000 1.000000
187 0.965022 0.136661 0.223731 -0.133769 -0.217492 -0.059194 0.974266 0.470813 0.146388 -0.988848 -0.027401 0.682514 0.000000 0.000000 0.000000 1.000000
188 0.960271 0.140265 0.241257 -0.126036 -0.236846 -0.047585 0.970381 0.455626 0.147591 -0.988970 -0.012473 0.690844 0.000000 0.000000 0.000000 1.000000
189 0.957872 0.133982 0.254028 -0.107938 -0.251988 -0.032257 0.967193 0.443567 0.137781 -0.990459 0.002864 0.698977 0.000000 0.000000 0.000000 1.000000
190 0.957408 0.126867 0.259373 -0.096325 -0.256458 -0.039087 0.965765 0.432495 0.132662 -0.991149 -0.004886 0.709508 0.000000 0.000000 0.000000 1.000000
191 0.959654 0.125649 0.251548 -0.080774 -0.244944 -0.065756 0.967305 0.423501 0.138082 -0.989893 -0.032326 0.717926 0.000000 0.000000 0.000000 1.000000
192 0.965483 0.093471 0.243117 -0.066186 -0.234721 -0.092391 0.967662 0.421344 0.112910 -0.991326 -0.067263 0.730656 0.000000 0.000000 0.000000 1.000000
193 0.971261 0.081324 0.223694 -0.044777 -0.214582 -0.107491 0.970773 0.417130 0.102992 -0.990874 -0.086951 0.745977 0.000000 0.000000 0.000000 1.000000
194 0.972198 0.071106 0.223105 -0.032738 -0.214646 -0.110190 0.970456 0.413177 0.093590 -0.991364 -0.091864 0.767326 0.000000 0.000000 0.000000 1.000000
195 0.975247 0.058944 0.213115 -0.012597 -0.206841 -0.097498 0.973504 0.408148 0.078161 -0.993489 -0.082893 0.786327 0.000000 0.000000 0.000000 1.000000
196 0.979799 0.058747 0.191160 0.014288 -0.186687 -0.074044 0.979625 0.404743 0.071705 -0.995523 -0.061581 0.803038 0.000000 0.000000 0.000000 1.000000
197 0.983228 0.062730 0.171251 0.033422 -0.167717 -0.057871 0.984135 0.399514 0.071646 -0.996351 -0.046380 0.816236 0.000000 0.000000 0.000000 1.000000
198 0.987287 0.056500 0.148569 0.061424 -0.145619 -0.053187 0.987910 0.400893 0.063719 -0.996985 -0.044284 0.830428 0.000000 0.000000 0.000000 1.000000
199 0.991596 0.056410 0.116427 0.092789 -0.114120 -0.042535 0.992556 0.402940 0.060942 -0.997501 -0.035740 0.845012 0.000000 0.000000 0.000000 1.000000
200 0.994261 0.072400 0.078761 0.116771 -0.076486 -0.033678 0.996502 0.405077 0.074800 -0.996807 -0.027947 0.858696 0.000000 0.000000 0.000000 1.000000
201 0.996557 0.072122 0.040903 0.141919 -0.037894 -0.042612 0.998373 0.408008 0.073747 -0.996485 -0.039732 0.870453 0.000000 0.000000 0.000000 1.000000
202 0.996538 0.082898 -0.006317 0.167252 0.010213 -0.046659 0.998859 0.407446 0.082508 -0.995465 -0.047344 0.875680 0.000000 0.000000 0.000000 1.000000
203 0.994909 0.091281 -0.042718 0.186575 0.045581 -0.029505 0.998525 0.401317 0.089886 -0.995388 -0.033515 0.879426 0.000000 0.000000 0.000000 1.000000
204 0.993097 0.085369 -0.080435 0.206851 0.080872 -0.001671 0.996723 0.391136 0.084955 -0.996348 -0.008563 0.884095 0.000000 0.000000 0.000000 1.000000
205 0.989658 0.072839 -0.123581 0.228434 0.123899 0.000150 0.992295 0.384467 0.072296 -0.997344 -0.008876 0.888291 0.000000 0.000000 0.000000 1.000000
206 0.984601 0.073061 -0.158818 0.248310 0.160654 -0.019949 0.986809 0.378765 0.068929 -0.997128 -0.031380 0.886337 0.000000 0.000000 0.000000 1.000000
207 0.980418 0.075346 -0.181944 0.271486 0.184887 -0.034071 0.982169 0.372140 0.067803 -0.996575 -0.047334 0.885473 0.000000 0.000000 0.000000 1.000000
208 0.977610 0.069195 -0.198722 0.295028 0.200709 -0.022977 0.979382 0.359794 0.063203 -0.997338 -0.036351 0.884474 0.000000 0.000000 0.000000 1.000000
209 0.973177 0.057402 -0.222782 0.320797 0.222921 0.004058 0.974828 0.349430 0.056861 -0.998343 -0.008847 0.885369 0.000000 0.000000 0.000000 1.000000
210 0.967989 0.043694 -0.247159 0.346144 0.246070 0.028834 0.968823 0.340239 0.049459 -0.998629 0.017159 0.888261 0.000000 0.000000 0.000000 1.000000
211 0.961598 0.033027 -0.272468 0.370450 0.271188 0.038542 0.961754 0.330610 0.042266 -0.998711 0.028106 0.888753 0.000000 0.000000 0.000000 1.000000
212 0.951430 0.035789 -0.305778 0.395659 0.304944 0.026940 0.951989 0.325760 0.042308 -0.998996 0.014718 0.892122 0.000000 0.000000 0.000000 1.000000
213 0.941417 0.046788 -0.333984 0.420906 0.333486 0.018296 0.942577 0.319871 0.050212 -0.998737 0.001621 0.887693 0.000000 0.000000 0.000000 1.000000
214 0.933034 0.052978 -0.355865 0.448072 0.355756 0.011799 0.934504 0.316967 0.053707 -0.998526 -0.007838 0.887293 0.000000 0.000000 0.000000 1.000000
215 0.926561 0.056991 -0.371802 0.476456 0.371585 0.014740 0.928282 0.313571 0.058384 -0.998266 -0.007519 0.882949 0.000000 0.000000 0.000000 1.000000
216 0.921764 0.061435 -0.382854 0.502635 0.382716 0.014463 0.923753 0.312931 0.062288 -0.998006 -0.010180 0.880699 0.000000 0.000000 0.000000 1.000000
217 0.918395 0.059650 -0.391143 0.530686 0.391201 0.011196 0.920237 0.316602 0.059272 -0.998157 -0.013053 0.874852 0.000000 0.000000 0.000000 1.000000
218 0.914238 0.056187 -0.401263 0.556592 0.401491 0.007658 0.915831 0.322638 0.054531 -0.998391 -0.015558 0.869697 0.000000 0.000000 0.000000 1.000000
219 0.907035 0.061947 -0.416472 0.579117 0.416302 0.016249 0.909081 0.327981 0.063082 -0.997947 -0.011050 0.855578 0.000000 0.000000 0.000000 1.000000
220 0.896621 0.063527 -0.438218 0.603335 0.437572 0.024478 0.898850 0.338281 0.067828 -0.997680 -0.005850 0.848468 0.000000 0.000000 0.000000 1.000000
221 0.885372 0.059900 -0.461008 0.626001 0.460197 0.027521 0.887390 0.351289 0.065842 -0.997825 -0.003200 0.834837 0.000000 0.000000 0.000000 1.000000
222 0.873956 0.065062 -0.481630 0.646385 0.481158 0.023784 0.876311 0.362022 0.068469 -0.997598 -0.010519 0.822054 0.000000 0.000000 0.000000 1.000000
223 0.862576 0.064545 -0.501793 0.665429 0.501609 0.020193 0.864859 0.375365 0.065955 -0.997710 -0.014959 0.807129 0.000000 0.000000 0.000000 1.000000
224 0.852038 0.061014 -0.519912 0.685944 0.519564 0.022687 0.854130 0.390086 0.063909 -0.997879 -0.012370 0.790084 0.000000 0.000000 0.000000 1.000000
225 0.846452 0.063139 -0.528709 0.703067 0.528268 0.024856 0.848714 0.398375 0.066728 -0.997695 -0.012315 0.777723 0.000000 0.000000 0.000000 1.000000
226 0.840978 0.068615 -0.536702 0.719659 0.536559 0.022065 0.843574 0.409603 0.069724 -0.997399 -0.018260 0.764264 0.000000 0.000000 0.000000 1.000000
227 0.836365 0.068105 -0.543926 0.735111 0.544866 0.005555 0.838505 0.421282 0.060128 -0.997663 -0.032463 0.753692 0.000000 0.000000 0.000000 1.000000
228 0.833374 0.073187 -0.547843 0.750475 0.549609 -0.004886 0.835408 0.426980 0.058465 -0.997306 -0.044296 0.735945 0.000000 0.000000 0.000000 1.000000
229 0.832148 0.075669 -0.549366 0.765458 0.551754 -0.013558 0.833897 0.431913 0.055652 -0.997041 -0.053033 0.714268 0.000000 0.000000 0.000000 1.000000
230 0.832775 0.080521 -0.547724 0.777180 0.550701 -0.019176 0.834482 0.431069 0.056690 -0.996568 -0.060312 0.694425 0.000000 0.000000 0.000000 1.000000
231 0.830958 0.079813 -0.550580 0.791223 0.553581 -0.020274 0.832548 0.434452 0.055286 -0.996604 -0.061030 0.676103 0.000000 0.000000 0.000000 1.000000
232 0.828094 0.085143 -0.554085 0.809965 0.557454 -0.020696 0.829950 0.435322 0.059197 -0.996154 -0.064601 0.658540 0.000000 0.000000 0.000000 1.000000
233 0.820600 0.091966 -0.564055 0.830156 0.568074 -0.023302 0.822647 0.439965 0.062512 -0.995489 -0.071366 0.641218 0.000000 0.000000 0.000000 1.000000
234 0.811778 0.089947 -0.576998 0.849329 0.581026 -0.025381 0.813489 0.442014 0.058526 -0.995623 -0.072866 0.632279 0.000000 0.000000 0.000000 1.000000
235 0.804278 0.075477 -0.589441 0.873177 0.592084 -0.017093 0.805695 0.446834 0.050736 -0.997001 -0.058436 0.627673 0.000000 0.000000 0.000000 1.000000
236 0.796906 0.051926 -0.601868 0.894903 0.603032 -0.009065 0.797665 0.449850 0.035964 -0.998610 -0.038537 0.626441 0.000000 0.000000 0.000000 1.000000
237 0.786538 0.037395 -0.616409 0.913498 0.616847 -0.000221 0.787083 0.452149 0.029297 -0.999301 -0.023241 0.620477 0.000000 0.000000 0.000000 1.000000
238 0.775673 0.032459 -0.630299 0.932416 0.630650 -0.000727 0.776067 0.458107 0.024732 -0.999473 -0.021034 0.616147 0.000000 0.000000 0.000000 1.000000
239 0.764626 0.029687 -0.643790 0.949223 0.644060 0.000603 0.764975 0.465860 0.023098 -0.999559 -0.018659 0.610459 0.000000 0.000000 0.000000 1.000000
240 0.752408 0.030502 -0.657991 0.964264 0.658306 -0.000415 0.752750 0.473343 0.022687 -0.999535 -0.020392 0.606638 0.000000 0.000000 0.000000 1.000000
241 0.739963 0.024164 -0.672213 0.978741 0.672494 -0.005275 0.740083 0.481858 0.014337 -0.999694 -0.020153 0.593616 0.000000 0.000000 0.000000 1.000000
242 0.726306 0.029392 -0.686743 0.984611 0.687180 -0.007469 0.726449 0.491563 0.016222 -0.999540 -0.025622 0.588984 0.000000 0.000000 0.000000 1.000000
243 0.715410 0.029372 -0.698087 0.995981 0.698317 0.003255 0.715782 0.501942 0.023296 -0.999563 -0.018182 0.573295 0.000000 0.000000 0.000000 1.000000
244 0.712304 0.027843 -0.701318 1.003608 0.701531 0.002849 0.712633 0.512604 0.021840 -0.999608 -0.017503 0.558357 0.000000 0.000000 0.000000 1.000000
245 0.706174 0.043779 -0.706684 1.009221 0.707659 -0.010978 0.706469 0.526761 0.023171 -0.998981 -0.038734 0.542620 0.000000 0.000000 0.000000 1.000000
246 0.702377 0.057162 -0.709506 1.014581 0.711656 -0.036024 0.701604 0.539139 0.014546 -0.997715 -0.065982 0.521026 0.000000 0.000000 0.000000 1.000000
247 0.701856 0.065619 -0.709290 1.018256 0.712308 -0.059324 0.699355 0.548777 0.003813 -0.996080 -0.088378 0.499641 0.000000 0.000000 0.000000 1.000000
248 0.704695 0.062448 -0.706756 1.025446 0.709470 -0.072629 0.700983 0.561034 -0.007556 -0.995402 -0.095486 0.474895 0.000000 0.000000 0.000000 1.000000
249 0.710073 0.059533 -0.701607 1.031401 0.704089 -0.070555 0.706598 0.570546 -0.007436 -0.995730 -0.092016 0.452291 0.000000 0.000000 0.000000 1.000000
250 0.715656 0.064038 -0.695511 1.034201 0.698448 -0.069247 0.712302 0.578972 -0.002548 -0.995542 -0.094284 0.431759 0.000000 0.000000 0.000000 1.000000
251 0.719223 0.065861 -0.691650 1.034370 0.694755 -0.076396 0.715177 0.582059 -0.005736 -0.994900 -0.100703 0.411113 0.000000 0.000000 0.000000 1.000000
252 0.714598 0.055261 -0.697349 1.041144 0.699237 -0.085561 0.709752 0.590537 -0.020444 -0.994799 -0.099782 0.394932 0.000000 0.000000 0.000000 1.000000
253 0.709495 0.027842 -0.704161 1.042937 0.703375 -0.089484 0.705164 0.589059 -0.043378 -0.995599 -0.083072 0.382602 0.000000 0.000000 0.000000 1.000000
254 0.697081 0.004147 -0.716980 1.045235 0.714588 -0.085835 0.694259 0.586624 -0.058663 -0.996301 -0.062797 0.371749 0.000000 0.000000 0.000000 1.000000
255 0.676628 -0.012600 -0.736217 1.046659 0.733024 -0.083048 0.675114 0.585061 -0.069648 -0.996466 -0.046956 0.365951 0.000000 0.000000 0.000000 1.000000
256 0.652688 -0.019946 -0.757364 1.047766 0.754049 -0.079934 0.651936 0.582806 -0.073543 -0.996601 -0.037132 0.364857 0.000000 0.000000 0.000000 1.000000
257 0.632732 -0.019695 -0.774120 1.050351 0.770937 -0.078012 0.632116 0.581118 -0.072840 -0.996758 -0.034177 0.364365 0.000000 0.000000 0.000000 1.000000
258 0.620213 -0.016277 -0.784264 1.052847 0.781224 -0.077520 0.619418 0.580893 -0.070879 -0.996858 -0.035363 0.366346 0.000000 0.000000 0.000000 1.000000
259 0.610070 -0.012635 -0.792247 1.057464 0.789850 -0.069631 0.609334 0.584432 -0.062864 -0.997493 -0.032500 0.372566 0.000000 0.000000 0.000000 1.000000
260 0.603257 -0.006815 -0.797517 1.060241 0.796086 -0.055348 0.602648 0.583664 -0.048247 -0.998444 -0.027964 0.381634 0.000000 0.000000 0.000000 1.000000
261 0.603024 0.004602 -0.797709 1.062140 0.796815 -0.051157 0.602053 0.583739 -0.038038 -0.998680 -0.034516 0.401283 0.000000 0.000000 0.000000 1.000000
262 0.608825 0.018383 -0.793092 1.066830 0.792916 -0.045387 0.607638 0.586482 -0.024826 -0.998800 -0.042209 0.422442 0.000000 0.000000 0.000000 1.000000
263 0.613969 0.030235 -0.788751 1.072506 0.789230 -0.039401 0.612832 0.586546 -0.012549 -0.998766 -0.048054 0.452745 0.000000 0.000000 0.000000 1.000000
264 0.617712 0.028719 -0.785880 1.078127 0.786274 -0.040738 0.616534 0.587765 -0.014309 -0.998757 -0.047746 0.485761 0.000000 0.000000 0.000000 1.000000
265 0.619198 0.028077 -0.784732 1.083881 0.785102 -0.040471 0.618042 0.589481 -0.014407 -0.998786 -0.047103 0.523324 0.000000 0.000000 0.000000 1.000000
266 0.622386 0.031427 -0.782079 1.088820 0.782608 -0.041117 0.621155 0.587240 -0.012636 -0.998660 -0.050185 0.559576 0.000000 0.000000 0.000000 1.000000
267 0.623316 0.037844 -0.781053 1.095464 0.781916 -0.041818 0.621979 0.587321 -0.009124 -0.998408 -0.055657 0.596941 0.000000 0.000000 0.000000 1.000000
268 0.623717 0.052037 -0.779916 1.100731 0.781611 -0.031501 0.622970 0.587592 0.007850 -0.998148 -0.060321 0.634988 0.000000 0.000000 0.000000 1.000000
269 0.626726 0.053736 -0.777385 1.106813 0.778903 -0.013858 0.626991 0.584069 0.022919 -0.998459 -0.050540 0.668907 0.000000 0.000000 0.000000 1.000000
270 0.629901 0.042880 -0.775491 1.114713 0.776134 0.002509 0.630563 0.582917 0.028984 -0.999077 -0.031700 0.708703 0.000000 0.000000 0.000000 1.000000
271 0.626189 0.028754 -0.779141 1.127907 0.778930 0.020512 0.626776 0.585930 0.034004 -0.999376 -0.009553 0.740104 0.000000 0.000000 0.000000 1.000000
272 0.621319 0.033695 -0.782833 1.133018 0.781945 0.037400 0.622225 0.579907 0.050244 -0.998732 -0.003111 0.770864 0.000000 0.000000 0.000000 1.000000
273 0.614101 0.050056 -0.787639 1.138641 0.785950 0.052067 0.616094 0.572592 0.071850 -0.997388 -0.007367 0.797688 0.000000 0.000000 0.000000 1.000000
274 0.608334 0.061245 -0.791315 1.142873 0.789166 0.059525 0.611289 0.571959 0.084541 -0.996346 -0.012121 0.828052 0.000000 0.000000 0.000000 1.000000
275 0.609265 0.064924 -0.790305 1.144796 0.787633 0.065852 0.612615 0.561126 0.091817 -0.995715 -0.011015 0.849077 0.000000 0.000000 0.000000 1.000000
276 0.606834 0.073861 -0.791389 1.152014 0.788964 0.064747 0.611018 0.569420 0.096371 -0.995164 -0.018983 0.871351 0.000000 0.000000 0.000000 1.000000
277 0.610994 0.081049 -0.787476 1.151791 0.786505 0.050922 0.615481 0.563565 0.089984 -0.995409 -0.032632 0.884640 0.000000 0.000000 0.000000 1.000000
278 0.609077 0.086383 -0.788393 1.149797 0.789067 0.034258 0.613351 0.565917 0.079992 -0.995673 -0.047297 0.894945 0.000000 0.000000 0.000000 1.000000
279 0.608203 0.087811 -0.788909 1.144367 0.790873 0.017964 0.611717 0.566074 0.067887 -0.995975 -0.058522 0.905307 0.000000 0.000000 0.000000 1.000000
280 0.608079 0.083569 -0.789466 1.136847 0.791766 0.008632 0.610764 0.561733 0.057855 -0.996465 -0.060918 0.912980 0.000000 0.000000 0.000000 1.000000
281 0.612536 0.076953 -0.786688 1.129287 0.788916 0.002318 0.614497 0.562984 0.049111 -0.997032 -0.059289 0.921056 0.000000 0.000000 0.000000 1.000000
282 0.621949 0.075165 -0.779442 1.121448 0.781593 0.001268 0.623787 0.564491 0.047875 -0.997170 -0.057960 0.930703 0.000000 0.000000 0.000000 1.000000
283 0.639250 0.072704 -0.765554 1.111564 0.767255 0.006707 0.641307 0.556782 0.051760 -0.997331 -0.051495 0.939060 0.000000 0.000000 0.000000 1.000000
284 0.657998 0.073380 -0.749436 1.100733 0.750759 0.013132 0.660445 0.551427 0.058305 -0.997218 -0.046450 0.953194 0.000000 0.000000 0.000000 1.000000
285 0.678562 0.084399 -0.729678 1.092453 0.730673 0.024278 0.682296 0.541084 0.075300 -0.996136 -0.045194 0.959979 0.000000 0.000000 0.000000 1.000000
286 0.698647 0.095690 -0.709039 1.085417 0.710367 0.025334 0.703375 0.533901 0.085268 -0.995089 -0.050276 0.969831 0.000000 0.000000 0.000000 1.000000
287 0.720055 0.100251 -0.686637 1.072857 0.688390 0.021431 0.725024 0.532002 0.087400 -0.994731 -0.053581 0.979271 0.000000 0.000000 0.000000 1.000000
288 0.741328 0.107159 -0.662533 1.067213 0.665479 0.010614 0.746341 0.529506 0.087009 -0.994185 -0.063444 0.988159 0.000000 0.000000 0.000000 1.000000
289 0.758350 0.117395 -0.641189 1.057631 0.646143 -0.005534 0.763196 0.527301 0.086047 -0.993070 -0.080051 0.994836 0.000000 0.000000 0.000000 1.000000
290 0.773342 0.121149 -0.622307 1.046607 0.628384 -0.016235 0.777734 0.527424 0.084118 -0.992502 -0.088684 0.998845 0.000000 0.000000 0.000000 1.000000
291 0.787842 0.112822 -0.605455 1.034416 0.611126 -0.021332 0.791246 0.526766 0.076354 -0.993386 -0.085755 1.004521 0.000000 0.000000 0.000000 1.000000
292 0.795224 0.106225 -0.596937 1.025268 0.601924 -0.020037 0.798302 0.527906 0.072839 -0.994140 -0.079874 1.008133 0.000000 0.000000 0.000000 1.000000
293 0.801051 0.103601 -0.589563 1.008551 0.594674 -0.025163 0.803573 0.529251 0.068416 -0.994301 -0.081766 1.012324 0.000000 0.000000 0.000000 1.000000
294 0.806114 0.099671 -0.583306 0.988093 0.588358 -0.029439 0.808065 0.529606 0.063369 -0.994585 -0.082374 1.012713 0.000000 0.000000 0.000000 1.000000
295 0.809494 0.097825 -0.578922 0.970198 0.583872 -0.030420 0.811276 0.531102 0.061752 -0.994739 -0.081742 1.013317 0.000000 0.000000 0.000000 1.000000
296 0.808654 0.108543 -0.578185 0.944808 0.584060 -0.030559 0.811135 0.533586 0.070374 -0.993622 -0.088107 1.020171 0.000000 0.000000 0.000000 1.000000
297 0.804186 0.113545 -0.583432 0.921546 0.589804 -0.030904 0.806955 0.533697 0.073596 -0.993052 -0.091822 1.020795 0.000000 0.000000 0.000000 1.000000
298 0.798994 0.111210 -0.590966 0.899379 0.597244 -0.032271 0.801410 0.534832 0.070054 -0.993273 -0.092204 1.022231 0.000000 0.000000 0.000000 1.000000
299 0.794142 0.116908 -0.596381 0.876433 0.602836 -0.027222 0.797401 0.537595 0.076988 -0.992770 -0.092094 1.028556 0.000000 0.000000 0.000000 1.000000
300 0.796373 0.119787 -0.592825 0.852838 0.599618 -0.028268 0.799787 0.541415 0.079046 -0.992397 -0.094338 1.036424 0.000000 0.000000 0.000000 1.000000
301 0.799964 0.119510 -0.588027 0.829086 0.595055 -0.031839 0.803054 0.538517 0.077251 -0.992322 -0.096585 1.032506 0.000000 0.000000 0.000000 1.000000
302 0.802601 0.125275 -0.583213 0.805805 0.591398 -0.039307 0.805421 0.541796 0.077975 -0.991343 -0.105635 1.035915 0.000000 0.000000 0.000000 1.000000
303 0.811043 0.125451 -0.571377 0.780054 0.580313 -0.049313 0.812899 0.540091 0.073803 -0.990873 -0.112796 1.037950 0.000000 0.000000 0.000000 1.000000
304 0.817858 0.122741 -0.562177 0.756623 0.571304 -0.056557 0.818788 0.541293 0.068704 -0.990826 -0.116378 1.039925 0.000000 0.000000 0.000000 1.000000
305 0.825133 0.112542 -0.553615 0.730434 0.561822 -0.060695 0.825028 0.536428 0.059248 -0.991791 -0.113310 1.043812 0.000000 0.000000 0.000000 1.000000
306 0.834120 0.094960 -0.543347 0.706414 0.549628 -0.060234 0.833235 0.532921 0.046396 -0.993657 -0.102435 1.047498 0.000000 0.000000 0.000000 1.000000
307 0.842408 0.076347 -0.533404 0.678685 0.537862 -0.059502 0.840931 0.529099 0.032464 -0.995304 -0.091189 1.051437 0.000000 0.000000 0.000000 1.000000
308 0.846279 0.060680 -0.529273 0.655996 0.532404 -0.061079 0.844284 0.527516 0.018904 -0.996287 -0.083996 1.058289 0.000000 0.000000 0.000000 1.000000
309 0.850233 0.043134 -0.524637 0.632850 0.526391 -0.061920 0.847985 0.525127 0.004091 -0.997149 -0.075352 1.060190 0.000000 0.000000 0.000000 1.000000
310 0.855551 0.027882 -0.516967 0.610254 0.517622 -0.065303 0.853114 0.526323 -0.009973 -0.997476 -0.070303 1.064713 0.000000 0.000000 0.000000 1.000000
311 0.856778 0.021837 -0.515223 0.587572 0.515450 -0.066434 0.854341 0.531506 -0.015572 -0.997552 -0.068175 1.071020 0.000000 0.000000 0.000000 1.000000
312 0.860303 0.016861 -0.509504 0.563207 0.509479 -0.062955 0.858177 0.533139 -0.017606 -0.997874 -0.062751 1.072969 0.000000 0.000000 0.000000 1.000000
313 0.866542 0.011844 -0.498963 0.537573 0.498854 -0.052127 0.865117 0.539440 -0.015763 -0.998570 -0.051078 1.073764 0.000000 0.000000 0.000000 1.000000
314 0.874276 0.006964 -0.485379 0.513153 0.485225 -0.041504 0.873404 0.545670 -0.014063 -0.999114 -0.039665 1.076187 0.000000 0.000000 0.000000 1.000000
315 0.878314 0.005268 -0.478055 0.486983 0.477999 -0.028520 0.877897 0.553636 -0.009010 -0.999579 -0.027567 1.077001 0.000000 0.000000 0.000000 1.000000
316 0.878358 0.007088 -0.477951 0.459456 0.478002 -0.015656 0.878219 0.562333 -0.001258 -0.999852 -0.017139 1.078128 0.000000 0.000000 0.000000 1.000000
317 0.877288 0.010496 -0.479850 0.433620 0.479916 -0.004918 0.877301 0.571000 0.006849 -0.999933 -0.009352 1.078118 0.000000 0.000000 0.000000 1.000000
318 0.877613 0.013893 -0.479168 0.409633 0.479303 -0.008787 0.877605 0.581577 0.007982 -0.999865 -0.014371 1.080675 0.000000 0.000000 0.000000 1.000000
319 0.878766 0.022169 -0.476738 0.382891 0.477157 -0.020739 0.878573 0.590500 0.009590 -0.999539 -0.028803 1.078261 0.000000 0.000000 0.000000 1.000000
320 0.884871 0.023982 -0.465217 0.358089 0.465760 -0.027645 0.884479 0.594837 0.008351 -0.999330 -0.035632 1.078614 0.000000 0.000000 0.000000 1.000000
321 0.894201 0.015467 -0.447399 0.333518 0.447580 -0.011235 0.894173 0.596425 0.008804 -0.999817 -0.016969 1.078694 0.000000 0.000000 0.000000 1.000000
322 0.901216 0.003182 -0.433358 0.309616 0.433331 0.006832 0.901209 0.598697 0.005828 -0.999972 0.004779 1.079068 0.000000 0.000000 0.000000 1.000000
323 0.904832 -0.001785 -0.425765 0.286486 0.425768 0.005109 0.904818 0.603455 0.000560 -0.999985 0.005383 1.079327 0.000000 0.000000 0.000000 1.000000
324 0.911982 0.008231 -0.410148 0.254531 0.410202 -0.006440 0.911972 0.599620 0.004865 -0.999945 -0.009249 1.077462 0.000000 0.000000 0.000000 1.000000
325 0.922929 0.017124 -0.384588 0.222710 0.384747 -0.007062 0.922995 0.597346 0.013090 -0.999828 -0.013107 1.072945 0.000000 0.000000 0.000000 1.000000
326 0.935706 0.020013 -0.352212 0.192368 0.352291 -0.000413 0.935891 0.593462 0.018584 -0.999800 -0.007437 1.071744 0.000000 0.000000 0.000000 1.000000
327 0.946481 0.024044 -0.321863 0.165176 0.321827 0.005488 0.946783 0.593828 0.024531 -0.999696 -0.002543 1.068706 0.000000 0.000000 0.000000 1.000000
328 0.955137 0.025656 -0.295052 0.138359 0.295013 0.005373 0.955478 0.595862 0.026099 -0.999656 -0.002437 1.063527 0.000000 0.000000 0.000000 1.000000
329 0.961977 0.032570 -0.271183 0.113797 0.271399 -0.002342 0.962464 0.601927 0.030712 -0.999467 -0.011092 1.061554 0.000000 0.000000 0.000000 1.000000
330 0.967365 0.043409 -0.249641 0.088361 0.250469 -0.014727 0.968013 0.607120 0.038344 -0.998949 -0.025119 1.060081 0.000000 0.000000 0.000000 1.000000
331 0.971657 0.049952 -0.231058 0.065634 0.232385 -0.022559 0.972362 0.616755 0.043359 -0.998497 -0.033528 1.055342 0.000000 0.000000 0.000000 1.000000
332 0.975648 0.048626 -0.213886 0.044957 0.215218 -0.023966 0.976272 0.627667 0.042347 -0.998529 -0.033847 1.054151 0.000000 0.000000 0.000000 1.000000
333 0.979257 0.044320 -0.197717 0.025887 0.198473 -0.013309 0.980016 0.637678 0.040803 -0.998929 -0.021829 1.051528 0.000000 0.000000 0.000000 1.000000
334 0.982306 0.038602 -0.183259 0.006079 0.183483 -0.002298 0.983020 0.650228 0.037525 -0.999252 -0.009340 1.053043 0.000000 0.000000 0.000000 1.000000
335 0.983809 0.037510 -0.175252 -0.012263 0.175377 -0.000051 0.984501 0.664579 0.036920 -0.999296 -0.006629 1.051404 0.000000 0.000000 0.000000 1.000000
336 0.985263 0.035601 -0.167300 -0.034625 0.167633 -0.006563 0.985828 0.678072 0.033999 -0.999345 -0.012434 1.046244 0.000000 0.000000 0.000000 1.000000
337 0.985803 0.040036 -0.163066 -0.056766 0.163955 -0.020020 0.986265 0.698371 0.036221 -0.998998 -0.026299 1.048751 0.000000 0.000000 0.000000 1.000000
338 0.986868 0.035684 -0.157541 -0.075005 0.158482 -0.025267 0.987039 0.715120 0.031241 -0.999044 -0.030590 1.048601 0.000000 0.000000 0.000000 1.000000
339 0.988993 0.032485 -0.144351 -0.094018 0.145017 -0.019136 0.989244 0.727556 0.029373 -0.999289 -0.023637 1.046367 0.000000 0.000000 0.000000 1.000000
340 0.991400 0.017226 -0.129728 -0.112498 0.130024 -0.017346 0.991359 0.742824 0.014827 -0.999701 -0.019436 1.049534 0.000000 0.000000 0.000000 1.000000
341 0.993140 0.016248 -0.115797 -0.131311 0.116129 -0.021236 0.993007 0.758657 0.013676 -0.999642 -0.022977 1.048178 0.000000 0.000000 0.000000 1.000000
342 0.994433 0.019245 -0.103603 -0.153098 0.104229 -0.035027 0.993936 0.771628 0.015499 -0.999201 -0.036838 1.046283 0.000000 0.000000 0.000000 1.000000
343 0.995082 0.019211 -0.097176 -0.175401 0.097907 -0.041667 0.994323 0.781410 0.015053 -0.998947 -0.043343 1.041767 0.000000 0.000000 0.000000 1.000000
344 0.995579 0.014835 -0.092750 -0.198739 0.093231 -0.035890 0.994997 0.790494 0.011432 -0.999246 -0.037114 1.043642 0.000000 0.000000 0.000000 1.000000
345 0.996475 0.012662 -0.082932 -0.222447 0.083078 -0.011488 0.996477 0.796631 0.011665 -0.999854 -0.012499 1.041386 0.000000 0.000000 0.000000 1.000000
346 0.996118 0.025508 -0.084252 -0.245470 0.083740 0.020521 0.996276 0.799825 0.027142 -0.999464 0.018305 1.044423 0.000000 0.000000 0.000000 1.000000
347 0.995477 0.023476 -0.092059 -0.268122 0.090533 0.059389 0.994121 0.804269 0.028805 -0.997959 0.056995 1.039384 0.000000 0.000000 0.000000 1.000000
348 0.994793 0.025494 -0.098672 -0.290663 0.096500 0.075678 0.992452 0.808383 0.032769 -0.996806 0.072824 1.041967 0.000000 0.000000 0.000000 1.000000
349 0.994869 0.028372 -0.097115 -0.310904 0.094748 0.075383 0.992643 0.813917 0.035484 -0.996751 0.072308 1.038396 0.000000 0.000000 0.000000 1.000000
350 0.995455 0.025067 -0.091876 -0.329658 0.090359 0.056135 0.994326 0.820721 0.030082 -0.998108 0.053615 1.034889 0.000000 0.000000 0.000000 1.000000
351 0.996096 0.023897 -0.084984 -0.347735 0.084144 0.034221 0.995866 0.829744 0.026706 -0.999129 0.032076 1.029855 0.000000 0.000000 0.000000 1.000000
352 0.995762 0.024718 -0.088589 -0.361315 0.088175 0.017377 0.995953 0.839834 0.026158 -0.999543 0.015124 1.029084 0.000000 0.000000 0.000000 1.000000
353 0.996047 0.012959 -0.087875 -0.375482 0.087840 0.003277 0.996129 0.847379 0.013197 -0.999911 0.002126 1.027912 0.000000 0.000000 0.000000 1.000000
354 0.996259 0.011663 -0.085624 -0.386519 0.085806 -0.016129 0.996181 0.859123 0.010238 -0.999802 -0.017069 1.022968 0.000000 0.000000 0.000000 1.000000
355 0.996263 0.013801 -0.085264 -0.397342 0.085775 -0.042092 0.995425 0.871688 0.010149 -0.999018 -0.043118 1.018199 0.000000 0.000000 0.000000 1.000000
356 0.996417 0.019363 -0.082330 -0.408868 0.083328 -0.058130 0.994825 0.883987 0.014477 -0.998121 -0.059535 1.012497 0.000000 0.000000 0.000000 1.000000
357 0.996280 0.030902 -0.080441 -0.413549 0.082220 -0.061417 0.994720 0.897201 0.025798 -0.997634 -0.063729 1.010922 0.000000 0.000000 0.000000 1.000000
358 0.997001 0.033618 -0.069709 -0.422179 0.071403 -0.052129 0.996084 0.910082 0.029852 -0.998074 -0.054373 1.005112 0.000000 0.000000 0.000000 1.000000
359 0.997083 0.047834 -0.059478 -0.430301 0.062011 -0.053328 0.996650 0.925680 0.044502 -0.997431 -0.056139 1.000023 0.000000 0.000000 0.000000 1.000000
360 0.997073 0.063479 -0.042603 -0.433807 0.046430 -0.060092 0.997112 0.942619 0.060735 -0.996172 -0.062863 0.995603 0.000000 0.000000 0.000000 1.000000
361 0.997597 0.067996 -0.013288 -0.436551 0.017577 -0.062880 0.997866 0.961338 0.067015 -0.995702 -0.063924 0.990933 0.000000 0.000000 0.000000 1.000000
362 0.997123 0.073786 0.017351 -0.440279 -0.012158 -0.070259 0.997455 0.981680 0.074817 -0.994796 -0.069160 0.988019 0.000000 0.000000 0.000000 1.000000
363 0.996139 0.074937 0.045733 -0.440368 -0.039818 -0.078610 0.996110 1.003245 0.078240 -0.994085 -0.075323 0.985944 0.000000 0.000000 0.000000 1.000000
364 0.994768 0.071446 0.073018 -0.440806 -0.066782 -0.086084 0.994047 1.024318 0.077306 -0.993723 -0.080863 0.984616 0.000000 0.000000 0.000000 1.000000
365 0.993058 0.065161 0.097926 -0.443551 -0.091901 -0.089798 0.991711 1.045307 0.073415 -0.993826 -0.083186 0.982120 0.000000 0.000000 0.000000 1.000000
366 0.991238 0.056256 0.119506 -0.442510 -0.113850 -0.094828 0.988962 1.067321 0.066967 -0.993903 -0.087592 0.983968 0.000000 0.000000 0.000000 1.000000
367 0.989172 0.048468 0.138529 -0.441684 -0.133502 -0.094940 0.986491 1.087268 0.060965 -0.994302 -0.087441 0.982876 0.000000 0.000000 0.000000 1.000000
368 0.987069 0.043566 0.154261 -0.441270 -0.149441 -0.098003 0.983902 1.107087 0.057983 -0.994232 -0.090226 0.982404 0.000000 0.000000 0.000000 1.000000
369 0.985708 0.037403 0.164259 -0.440584 -0.159760 -0.101795 0.981893 1.125507 0.053446 -0.994102 -0.094364 0.984903 0.000000 0.000000 0.000000 1.000000
370 0.984676 0.037316 0.170356 -0.440228 -0.166116 -0.096713 0.981352 1.144682 0.053096 -0.994613 -0.089032 0.984789 0.000000 0.000000 0.000000 1.000000
371 0.983878 0.036313 0.175116 -0.435360 -0.171451 -0.087052 0.981339 1.159052 0.050880 -0.995542 -0.079422 0.984295 0.000000 0.000000 0.000000 1.000000
372 0.982760 0.038268 0.180884 -0.433959 -0.177514 -0.078242 0.981003 1.173577 0.051693 -0.996200 -0.070100 0.984055 0.000000 0.000000 0.000000 1.000000
373 0.982613 0.042253 0.180796 -0.432232 -0.177441 -0.072930 0.981425 1.186915 0.054654 -0.996442 -0.064165 0.985170 0.000000 0.000000 0.000000 1.000000
374 0.982736 0.040745 0.180473 -0.430589 -0.177743 -0.062870 0.982067 1.202022 0.051361 -0.997190 -0.054542 0.982946 0.000000 0.000000 0.000000 1.000000
375 0.983659 0.036275 0.176347 -0.427496 -0.174279 -0.053924 0.983219 1.212650 0.045176 -0.997886 -0.046721 0.983372 0.000000 0.000000 0.000000 1.000000
376 0.984206 0.033767 0.173776 -0.423029 -0.172097 -0.047536 0.983932 1.223411 0.041485 -0.998299 -0.040974 0.983620 0.000000 0.000000 0.000000 1.000000
377 0.983469 0.029264 0.178694 -0.425035 -0.177041 -0.051728 0.982843 1.236484 0.038005 -0.998232 -0.045692 0.983982 0.000000 0.000000 0.000000 1.000000
378 0.983316 0.028579 0.179647 -0.420368 -0.177490 -0.065549 0.981937 1.248366 0.039839 -0.997440 -0.059383 0.981204 0.000000 0.000000 0.000000 1.000000
379 0.982798 0.027594 0.182609 -0.418180 -0.179878 -0.081039 0.980345 1.258984 0.041850 -0.996329 -0.074681 0.981377 0.000000 0.000000 0.000000 1.000000
380 0.982521 0.023286 0.184692 -0.416056 -0.182346 -0.079262 0.980034 1.271590 0.037460 -0.996582 -0.073630 0.977481 0.000000 0.000000 0.000000 1.000000
381 0.983201 0.020605 0.181361 -0.411133 -0.179152 -0.081279 0.980458 1.279333 0.034943 -0.996478 -0.076222 0.979806 0.000000 0.000000 0.000000 1.000000
382 0.984434 0.023972 0.174112 -0.409719 -0.171518 -0.085183 0.981491 1.290934 0.038359 -0.996077 -0.079745 0.980662 0.000000 0.000000 0.000000 1.000000
383 0.986419 0.023352 0.162578 -0.406287 -0.159894 -0.089844 0.983037 1.298824 0.037563 -0.995682 -0.084890 0.985083 0.000000 0.000000 0.000000 1.000000
384 0.988457 0.015563 0.150701 -0.400852 -0.148881 -0.084463 0.985241 1.306169 0.028062 -0.996305 -0.081171 0.989489 0.000000 0.000000 0.000000 1.000000
385 0.990143 0.002733 0.140034 -0.396101 -0.139384 -0.078879 0.987092 1.312418 0.013743 -0.996880 -0.077721 0.993892 0.000000 0.000000 0.000000 1.000000
386 0.992564 -0.001710 0.121715 -0.392536 -0.121412 -0.085814 0.988886 1.322433 0.008754 -0.996310 -0.085383 1.001020 0.000000 0.000000 0.000000 1.000000
387 0.994958 -0.007078 0.100047 -0.391505 -0.100269 -0.093766 0.990532 1.330900 0.002370 -0.995569 -0.094003 1.006704 0.000000 0.000000 0.000000 1.000000
388 0.996896 -0.012950 0.077658 -0.386822 -0.078541 -0.095282 0.992347 1.338442 -0.005451 -0.995366 -0.096003 1.014538 0.000000 0.000000 0.000000 1.000000
389 0.998412 -0.016394 0.053894 -0.385131 -0.055180 -0.092080 0.994222 1.345041 -0.011337 -0.995617 -0.092839 1.023546 0.000000 0.000000 0.000000 1.000000
390 0.999673 -0.011999 0.022572 -0.380519 -0.023552 -0.089062 0.995748 1.352521 -0.009938 -0.995954 -0.089315 1.029731 0.000000 0.000000 0.000000 1.000000
391 0.999950 -0.009545 0.003139 -0.377281 -0.003933 -0.084433 0.996421 1.357343 -0.009245 -0.996383 -0.084467 1.033377 0.000000 0.000000 0.000000 1.000000
392 0.999961 -0.002052 -0.008536 -0.373462 0.008345 -0.079574 0.996794 1.364493 -0.002724 -0.996827 -0.079554 1.038500 0.000000 0.000000 0.000000 1.000000
393 0.999936 0.006091 -0.009514 -0.369446 0.009945 -0.075315 0.997110 1.370671 0.005357 -0.997141 -0.075370 1.041543 0.000000 0.000000 0.000000 1.000000
394 0.999661 0.025322 -0.006120 -0.362225 0.007943 -0.072514 0.997336 1.378201 0.024810 -0.997046 -0.072690 1.040992 0.000000 0.000000 0.000000 1.000000
395 0.999525 0.028294 0.012235 -0.357006 -0.010227 -0.070049 0.997491 1.385012 0.029080 -0.997142 -0.069727 1.042212 0.000000 0.000000 0.000000 1.000000
396 0.998117 0.025560 0.055762 -0.350249 -0.053928 -0.067536 0.996258 1.389783 0.029230 -0.997389 -0.066031 1.043000 0.000000 0.000000 0.000000 1.000000
397 0.994038 0.027023 0.105635 -0.341689 -0.103577 -0.068712 0.992245 1.394951 0.034072 -0.997270 -0.065504 1.043932 0.000000 0.000000 0.000000 1.000000
398 0.986885 0.024822 0.159507 -0.334469 -0.157335 -0.073154 0.984832 1.401240 0.036115 -0.997012 -0.068289 1.047211 0.000000 0.000000 0.000000 1.000000
399 0.978724 0.020646 0.204139 -0.328735 -0.201775 -0.083654 0.975853 1.407984 0.037225 -0.996281 -0.077708 1.049100 0.000000 0.000000 0.000000 1.000000
400 0.970907 0.012508 0.239129 -0.321681 -0.236839 -0.097076 0.966687 1.415335 0.035305 -0.995198 -0.091290 1.050103 0.000000 0.000000 0.000000 1.000000
401 0.963548 0.006813 0.267450 -0.314507 -0.264842 -0.117238 0.957138 1.420279 0.037876 -0.993080 -0.111160 1.053017 0.000000 0.000000 0.000000 1.000000
402 0.956034 -0.001940 0.293249 -0.307270 -0.290665 -0.138876 0.946693 1.425705 0.038888 -0.990308 -0.133334 1.053486 0.000000 0.000000 0.000000 1.000000
403 0.948068 -0.018036 0.317556 -0.299942 -0.316365 -0.156643 0.935616 1.430091 0.032868 -0.987491 -0.154214 1.058978 0.000000 0.000000 0.000000 1.000000
404 0.935488 -0.032125 0.351896 -0.288719 -0.352306 -0.161635 0.921821 1.430469 0.027265 -0.986328 -0.162525 1.062496 0.000000 0.000000 0.000000 1.000000
405 0.921151 -0.044142 0.386693 -0.280988 -0.388469 -0.165323 0.906510 1.431857 0.023914 -0.985251 -0.169435 1.065574 0.000000 0.000000 0.000000 1.000000
406 0.906777 -0.052048 0.418385 -0.272575 -0.420870 -0.170526 0.890949 1.432717 0.024974 -0.983978 -0.176535 1.067701 0.000000 0.000000 0.000000 1.000000
407 0.893588 -0.054781 0.445533 -0.264186 -0.447809 -0.177583 0.876317 1.432389 0.031113 -0.982580 -0.183217 1.070913 0.000000 0.000000 0.000000 1.000000
408 0.880123 -0.053672 0.471702 -0.256990 -0.473225 -0.178645 0.862638 1.430611 0.037968 -0.982449 -0.182628 1.070647 0.000000 0.000000 0.000000 1.000000
409 0.868574 -0.051755 0.492850 -0.250886 -0.493511 -0.180686 0.850764 1.427960 0.045019 -0.982178 -0.182481 1.072551 0.000000 0.000000 0.000000 1.000000
410 0.859978 -0.046161 0.508238 -0.245921 -0.507012 -0.190664 0.840587 1.426992 0.058100 -0.980569 -0.187371 1.072881 0.000000 0.000000 0.000000 1.000000
411 0.850240 -0.042474 0.524679 -0.240922 -0.521499 -0.203598 0.828605 1.426181 0.071630 -0.978133 -0.195257 1.071308 0.000000 0.000000 0.000000 1.000000
412 0.836929 -0.038507 0.545955 -0.235169 -0.541003 -0.209223 0.814581 1.422732 0.082859 -0.977110 -0.195937 1.068692 0.000000 0.000000 0.000000 1.000000
413 0.820804 -0.034350 0.570176 -0.228840 -0.563408 -0.213107 0.798221 1.417798 0.094090 -0.976425 -0.194272 1.068096 0.000000 0.000000 0.000000 1.000000
414 0.806439 -0.029550 0.590579 -0.223044 -0.581225 -0.223355 0.782490 1.414137 0.108786 -0.974289 -0.197297 1.067019 0.000000 0.000000 0.000000 1.000000
415 0.792895 -0.028253 0.608702 -0.217456 -0.597439 -0.232649 0.767425 1.409489 0.119932 -0.972150 -0.201346 1.063587 0.000000 0.000000 0.000000 1.000000
416 0.779042 -0.030000 0.626254 -0.213053 -0.613951 -0.239013 0.752288 1.405105 0.127114 -0.970553 -0.204620 1.061836 0.000000 0.000000 0.000000 1.000000
417 0.768267 -0.030313 0.639412 -0.209657 -0.625866 -0.245261 0.740364 1.401028 0.134380 -0.968983 -0.207398 1.060506 0.000000 0.000000 0.000000 1.000000
418 0.761825 -0.029320 0.647119 -0.208604 -0.631919 -0.253365 0.732451 1.397808 0.142482 -0.966926 -0.211547 1.058239 0.000000 0.000000 0.000000 1.000000
419 0.760179 -0.037113 0.648653 -0.206558 -0.633217 -0.265867 0.726877 1.395061 0.145479 -0.963295 -0.225607 1.052711 0.000000 0.000000 0.000000 1.000000
420 0.764974 -0.047792 0.642285 -0.204604 -0.626421 -0.287008 0.724723 1.393575 0.149705 -0.956735 -0.249492 1.046600 0.000000 0.000000 0.000000 1.000000
421 0.771578 -0.054548 0.633792 -0.201823 -0.618010 -0.300412 0.726510 1.390013 0.150769 -0.952248 -0.265503 1.040637 0.000000 0.000000 0.000000 1.000000
422 0.777614 -0.060900 0.625785 -0.200263 -0.611946 -0.301816 0.731046 1.386830 0.144351 -0.951419 -0.271964 1.036433 0.000000 0.000000 0.000000 1.000000
423 0.780165 -0.065999 0.622083 -0.200822 -0.609288 -0.305592 0.731698 1.385724 0.141812 -0.949872 -0.278625 1.033876 0.000000 0.000000 0.000000 1.000000
424 0.774440 -0.069592 0.628808 -0.199886 -0.616623 -0.305316 0.725644 1.383489 0.141486 -0.949705 -0.279360 1.033405 0.000000 0.000000 0.000000 1.000000
425 0.765557 -0.071139 0.639423 -0.200374 -0.628085 -0.297981 0.718830 1.381255 0.139399 -0.951917 -0.272802 1.036991 0.000000 0.000000 0.000000 1.000000
426 0.765286 -0.072677 0.639575 -0.201647 -0.628421 -0.299493 0.717907 1.381877 0.139373 -0.951326 -0.274869 1.038499 0.000000 0.000000 0.000000 1.000000
427 0.776929 -0.076080 0.624975 -0.201108 -0.614448 -0.308017 0.726347 1.381709 0.137242 -0.948334 -0.286054 1.039439 0.000000 0.000000 0.000000 1.000000
428 0.790514 -0.079379 0.607278 -0.204408 -0.598567 -0.310023 0.738650 1.384612 0.129637 -0.947410 -0.292591 1.041268 0.000000 0.000000 0.000000 1.000000
429 0.807826 -0.083207 0.583519 -0.204422 -0.578141 -0.304615 0.756943 1.384381 0.114766 -0.948834 -0.294181 1.044772 0.000000 0.000000 0.000000 1.000000
430 0.826529 -0.092850 0.555184 -0.208782 -0.555030 -0.298723 0.776341 1.388769 0.093763 -0.949812 -0.298438 1.051627 0.000000 0.000000 0.000000 1.000000
431 0.845495 -0.103904 0.523777 -0.213094 -0.529137 -0.294884 0.795649 1.395188 0.071782 -0.949867 -0.304302 1.055696 0.000000 0.000000 0.000000 1.000000
432 0.860468 -0.112423 0.496947 -0.216221 -0.506653 -0.291850 0.811250 1.400513 0.053831 -0.949834 -0.308087 1.060757 0.000000 0.000000 0.000000 1.000000
433 0.872576 -0.115112 0.474721 -0.218433 -0.486763 -0.286281 0.825291 1.407143 0.040902 -0.951206 -0.305834 1.068845 0.000000 0.000000 0.000000 1.000000
434 0.884553 -0.109728 0.453349 -0.222886 -0.465176 -0.278991 0.840104 1.413184 0.034297 -0.954004 -0.297825 1.072297 0.000000 0.000000 0.000000 1.000000
435 0.899657 -0.100868 0.424787 -0.224201 -0.435423 -0.278623 0.856023 1.421105 0.032010 -0.955089 -0.294585 1.077780 0.000000 0.000000 0.000000 1.000000
436 0.914308 -0.088996 0.395121 -0.227091 -0.403895 -0.272979 0.873127 1.427714 0.030155 -0.957895 -0.285532 1.081500 0.000000 0.000000 0.000000 1.000000
437 0.927202 -0.074342 0.367111 -0.230167 -0.373421 -0.259940 0.890499 1.435153 0.029225 -0.962759 -0.268778 1.085045 0.000000 0.000000 0.000000 1.000000
438 0.937724 -0.060666 0.342044 -0.231378 -0.346236 -0.243131 0.906095 1.440641 0.028193 -0.968094 -0.248994 1.086892 0.000000 0.000000 0.000000 1.000000
439 0.946916 -0.044026 0.318452 -0.233758 -0.319602 -0.235852 0.917730 1.448153 0.034703 -0.970791 -0.237403 1.088761 0.000000 0.000000 0.000000 1.000000
440 0.954789 -0.027264 0.296031 -0.235004 -0.294139 -0.231083 0.927406 1.454758 0.043123 -0.972552 -0.228655 1.087559 0.000000 0.000000 0.000000 1.000000
441 0.961385 -0.014308 0.274834 -0.236104 -0.271044 -0.222262 0.936555 1.461568 0.047685 -0.974882 -0.217557 1.085415 0.000000 0.000000 0.000000 1.000000
442 0.967939 -0.005485 0.251126 -0.235719 -0.246552 -0.211909 0.945678 1.468328 0.048029 -0.977274 -0.206468 1.083469 0.000000 0.000000 0.000000 1.000000
443 0.972377 0.003174 0.233392 -0.233986 -0.227859 -0.203937 0.952098 1.472084 0.050619 -0.978979 -0.197580 1.081668 0.000000 0.000000 0.000000 1.000000
444 0.975565 0.014345 0.219241 -0.234955 -0.211882 -0.202569 0.956071 1.479626 0.058126 -0.979163 -0.194580 1.079124 0.000000 0.000000 0.000000 1.000000
445 0.979375 0.023818 0.200641 -0.236453 -0.191482 -0.207541 0.959303 1.486205 0.064490 -0.977936 -0.198699 1.076993 0.000000 0.000000 0.000000 1.000000
446 0.983940 0.037272 0.174563 -0.236605 -0.163182 -0.208504 0.964312 1.491466 0.072339 -0.977311 -0.199074 1.075439 0.000000 0.000000 0.000000 1.000000
447 0.987994 0.044325 0.147997 -0.236889 -0.135985 -0.205139 0.969240 1.496825 0.073322 -0.977729 -0.196649 1.073432 0.000000 0.000000 0.000000 1.000000
448 0.990853 0.051520 0.124723 -0.238135 -0.111184 -0.212090 0.970905 1.501783 0.076473 -0.975891 -0.204422 1.071092 0.000000 0.000000 0.000000 1.000000
449 0.992773 0.058138 0.104984 -0.238946 -0.089693 -0.221740 0.970972 1.505996 0.079729 -0.973371 -0.214923 1.065155 0.000000 0.000000 0.000000 1.000000
450 0.994416 0.062464 0.085065 -0.238237 -0.068525 -0.230838 0.970576 1.512634 0.080262 -0.970985 -0.225269 1.061891 0.000000 0.000000 0.000000 1.000000
451 0.995497 0.059420 0.073863 -0.236201 -0.057971 -0.234901 0.970289 1.517552 0.075005 -0.970201 -0.230399 1.058696 0.000000 0.000000 0.000000 1.000000
452 0.996293 0.055606 0.065641 -0.233914 -0.050573 -0.238675 0.969782 1.522977 0.069592 -0.969506 -0.234978 1.056614 0.000000 0.000000 0.000000 1.000000
453 0.996881 0.056120 0.055486 -0.231618 -0.040187 -0.244120 0.968912 1.527530 0.067921 -0.968120 -0.241103 1.054908 0.000000 0.000000 0.000000 1.000000
454 0.997020 0.055729 0.053343 -0.227697 -0.038367 -0.241675 0.969598 1.528592 0.066927 -0.968756 -0.238817 1.055787 0.000000 0.000000 0.000000 1.000000
455 0.996413 0.045550 0.071314 -0.223322 -0.059077 -0.228916 0.971652 1.525021 0.060584 -0.972380 -0.225404 1.058111 0.000000 0.000000 0.000000 1.000000
456 0.994031 0.042786 0.100357 -0.217705 -0.088891 -0.215680 0.972410 1.517965 0.063251 -0.975526 -0.210589 1.062494 0.000000 0.000000 0.000000 1.000000
457 0.989499 0.040883 0.138636 -0.213908 -0.127776 -0.200927 0.971237 1.508753 0.067563 -0.978753 -0.193594 1.067200 0.000000 0.000000 0.000000 1.000000
458 0.983898 0.036082 0.175051 -0.211020 -0.165153 -0.190917 0.967613 1.497474 0.068333 -0.980943 -0.181884 1.071036 0.000000 0.000000 0.000000 1.000000
459 0.978646 0.038979 0.201824 -0.209329 -0.190961 -0.190939 0.962848 1.486512 0.076067 -0.980828 -0.179418 1.073783 0.000000 0.000000 0.000000 1.000000
460 0.974497 0.032775 0.221996 -0.206975 -0.211774 -0.192871 0.958098 1.473826 0.074218 -0.980677 -0.181012 1.076389 0.000000 0.000000 0.000000 1.000000
461 0.968145 0.021543 0.249463 -0.204433 -0.241004 -0.190059 0.951732 1.456970 0.067916 -0.981536 -0.178812 1.080992 0.000000 0.000000 0.000000 1.000000
462 0.958942 0.009696 0.283436 -0.203279 -0.276996 -0.182436 0.943393 1.438197 0.060856 -0.983170 -0.172259 1.087060 0.000000 0.000000 0.000000 1.000000
463 0.949135 0.005969 0.314811 -0.202605 -0.309238 -0.170552 0.935566 1.418053 0.059276 -0.985331 -0.160031 1.092354 0.000000 0.000000 0.000000 1.000000
464 0.935142 -0.000399 0.354274 -0.202124 -0.349940 -0.156979 0.923526 1.396297 0.055245 -0.987602 -0.146937 1.099710 0.000000 0.000000 0.000000 1.000000
465 0.915467 -0.010733 0.402249 -0.205316 -0.399336 -0.147202 0.904910 1.374568 0.049499 -0.989048 -0.139044 1.104731 0.000000 0.000000 0.000000 1.000000
466 0.898865 -0.017123 0.437891 -0.204320 -0.435346 -0.149261 0.887803 1.352743 0.050158 -0.988650 -0.141620 1.108677 0.000000 0.000000 0.000000 1.000000
467 0.883261 -0.024156 0.468259 -0.204847 -0.466539 -0.144970 0.872539 1.330726 0.046806 -0.989141 -0.139316 1.112059 0.000000 0.000000 0.000000 1.000000
468 0.869589 -0.024608 0.493162 -0.206113 -0.491931 -0.129436 0.860959 1.305690 0.042646 -0.991282 -0.124662 1.113829 0.000000 0.000000 0.000000 1.000000
469 0.853529 -0.019924 0.520665 -0.208512 -0.519489 -0.109733 0.847402 1.278541 0.040250 -0.993761 -0.104010 1.115533 0.000000 0.000000 0.000000 1.000000
470 0.839744 -0.014298 0.542794 -0.211594 -0.541205 -0.102846 0.834578 1.254130 0.043891 -0.994595 -0.094102 1.117570 0.000000 0.000000 0.000000 1.000000
471 0.831230 -0.009974 0.555839 -0.213151 -0.553717 -0.103956 0.826190 1.229861 0.049542 -0.994532 -0.091934 1.117149 0.000000 0.000000 0.000000 1.000000
472 0.822745 -0.010866 0.568307 -0.213345 -0.566463 -0.098379 0.818194 1.203151 0.047019 -0.995090 -0.087096 1.117895 0.000000 0.000000 0.000000 1.000000
473 0.819437 -0.001016 0.573168 -0.216645 -0.570674 -0.094649 0.815704 1.178556 0.053421 -0.995510 -0.078139 1.120076 0.000000 0.000000 0.000000 1.000000
474 0.822502 0.012145 0.568632 -0.222034 -0.565538 -0.088824 0.819925 1.157405 0.060466 -0.995973 -0.066189 1.121396 0.000000 0.000000 0.000000 1.000000
475 0.834542 0.018990 0.550616 -0.227612 -0.547198 -0.087768 0.832389 1.133394 0.064134 -0.995960 -0.062855 1.124767 0.000000 0.000000 0.000000 1.000000
476 0.847833 0.020159 0.529880 -0.231769 -0.526627 -0.084813 0.845855 1.111184 0.061992 -0.996193 -0.061291 1.124310 0.000000 0.000000 0.000000 1.000000
477 0.859191 0.018772 0.511310 -0.235312 -0.508320 -0.082596 0.857198 1.087863 0.058323 -0.996406 -0.061423 1.126457 0.000000 0.000000 0.000000 1.000000
478 0.868809 0.019577 0.494761 -0.239633 -0.491943 -0.079370 0.867002 1.065201 0.056243 -0.996653 -0.059327 1.126160 0.000000 0.000000 0.000000 1.000000
479 0.876221 0.018654 0.481548 -0.241145 -0.478932 -0.077185 0.874452 1.039840 0.053481 -0.996842 -0.058697 1.127669 0.000000 0.000000 0.000000 1.000000
480 0.880981 0.024199 0.472533 -0.243989 -0.470097 -0.068550 0.879949 1.016744 0.053686 -0.997354 -0.049015 1.126569 0.000000 0.000000 0.000000 1.000000
481 0.887510 0.030344 0.459787 -0.245494 -0.457719 -0.056906 0.887274 0.992689 0.053088 -0.997918 -0.036615 1.126021 0.000000 0.000000 0.000000 1.000000
482 0.896597 0.036950 0.441304 -0.246522 -0.438994 -0.057032 0.896678 0.971706 0.058301 -0.997688 -0.034914 1.125895 0.000000 0.000000 0.000000 1.000000
483 0.910514 0.038341 0.411697 -0.244316 -0.408443 -0.071511 0.909978 0.952819 0.064330 -0.996703 -0.049452 1.124412 0.000000 0.000000 0.000000 1.000000
484 0.923944 0.037423 0.380692 -0.243188 -0.376361 -0.089035 0.922185 0.933977 0.068405 -0.995325 -0.068179 1.124030 0.000000 0.000000 0.000000 1.000000
485 0.931652 0.037041 0.361460 -0.240485 -0.357223 -0.088576 0.929810 0.911856 0.066458 -0.995380 -0.069290 1.122426 0.000000 0.000000 0.000000 1.000000
486 0.937403 0.037034 0.346272 -0.234484 -0.342727 -0.078227 0.936172 0.890578 0.061758 -0.996248 -0.060638 1.122598 0.000000 0.000000 0.000000 1.000000
487 0.944113 0.039874 0.327201 -0.236179 -0.323713 -0.074952 0.943182 0.871199 0.062133 -0.996390 -0.057856 1.123682 0.000000 0.000000 0.000000 1.000000
488 0.953065 0.044553 0.299469 -0.231847 -0.295894 -0.072467 0.952468 0.850609 0.064137 -0.996375 -0.055883 1.121570 0.000000 0.000000 0.000000 1.000000
489 0.961801 0.046752 0.269728 -0.226211 -0.266615 -0.063507 0.961708 0.829836 0.062092 -0.996886 -0.048616 1.121608 0.000000 0.000000 0.000000 1.000000
490 0.968367 0.053363 0.243759 -0.226733 -0.241594 -0.043930 0.969382 0.808087 0.062437 -0.997608 -0.029648 1.120414 0.000000 0.000000 0.000000 1.000000
491 0.974599 0.058865 0.216084 -0.218736 -0.215007 -0.024135 0.976314 0.786007 0.062686 -0.997974 -0.010866 1.119083 0.000000 0.000000 0.000000 1.000000
492 0.980115 0.061186 0.188761 -0.213336 -0.188339 -0.012642 0.982023 0.766765 0.062472 -0.998046 -0.000867 1.119028 0.000000 0.000000 0.000000 1.000000
493 0.984516 0.063821 0.163265 -0.206020 -0.162995 -0.009458 0.986582 0.746492 0.064509 -0.997917 0.001091 1.115435 0.000000 0.000000 0.000000 1.000000
494 0.987029 0.070582 0.144192 -0.199676 -0.143809 -0.010512 0.989550 0.726962 0.071360 -0.997451 -0.000225 1.114136 0.000000 0.000000 0.000000 1.000000
495 0.988836 0.069441 0.131839 -0.189558 -0.131468 -0.009900 0.991271 0.704289 0.070140 -0.997537 -0.000660 1.110676 0.000000 0.000000 0.000000 1.000000
496 0.991244 0.064866 0.115011 -0.179632 -0.114402 -0.013044 0.993349 0.685423 0.065935 -0.997809 -0.005509 1.110990 0.000000 0.000000 0.000000 1.000000
497 0.992803 0.065395 0.100323 -0.168235 -0.098946 -0.023977 0.994804 0.669996 0.067461 -0.997571 -0.017334 1.112757 0.000000 0.000000 0.000000 1.000000
498 0.993785 0.067876 0.088228 -0.150118 -0.086027 -0.034704 0.995688 0.650106 0.070645 -0.997090 -0.028650 1.110485 0.000000 0.000000 0.000000 1.000000
499 0.994417 0.073243 0.075965 -0.137484 -0.073158 -0.040273 0.996507 0.632108 0.076046 -0.996501 -0.034690 1.109178 0.000000 0.000000 0.000000 1.000000
500 0.995803 0.072540 0.055805 -0.118459 -0.053059 -0.039248 0.997820 0.615341 0.074572 -0.996593 -0.035234 1.111165 0.000000 0.000000 0.000000 1.000000
501 0.996582 0.073509 0.037683 -0.106699 -0.035521 -0.030509 0.998903 0.602453 0.074578 -0.996828 -0.027794 1.112341 0.000000 0.000000 0.000000 1.000000
502 0.997127 0.073557 0.018065 -0.087760 -0.016681 -0.019387 0.999673 0.591274 0.073883 -0.997103 -0.018105 1.110068 0.000000 0.000000 0.000000 1.000000
503 0.997357 0.072561 0.003683 -0.074519 -0.002697 -0.013680 0.999903 0.576198 0.072604 -0.997270 -0.013448 1.108683 0.000000 0.000000 0.000000 1.000000
504 0.997474 0.070316 -0.010020 -0.052106 0.010570 -0.007467 0.999916 0.566927 0.070235 -0.997497 -0.008191 1.104586 0.000000 0.000000 0.000000 1.000000
505 0.997376 0.069842 -0.019068 -0.031721 0.019711 -0.008528 0.999769 0.556266 0.069663 -0.997522 -0.009882 1.108885 0.000000 0.000000 0.000000 1.000000
506 0.997287 0.067476 -0.029411 -0.012179 0.029862 -0.005683 0.999538 0.542510 0.067278 -0.997705 -0.007682 1.102016 0.000000 0.000000 0.000000 1.000000
507 0.996424 0.072596 -0.043230 0.007352 0.044260 -0.012648 0.998940 0.528803 0.071972 -0.997281 -0.015816 1.099952 0.000000 0.000000 0.000000 1.000000
508 0.995245 0.079675 -0.056027 0.026505 0.058052 -0.023321 0.998041 0.514201 0.078212 -0.996548 -0.027835 1.098826 0.000000 0.000000 0.000000 1.000000
509 0.995035 0.073350 -0.067262 0.042834 0.069171 -0.023807 0.997321 0.494711 0.071553 -0.997022 -0.028762 1.096225 0.000000 0.000000 0.000000 1.000000
510 0.995325 0.064870 -0.071555 0.064398 0.072299 -0.009185 0.997341 0.474481 0.064041 -0.997851 -0.013832 1.099879 0.000000 0.000000 0.000000 1.000000
511 0.996435 0.052418 -0.066110 0.075751 0.065349 0.016100 0.997733 0.442667 0.053363 -0.998495 0.012617 1.095320 0.000000 0.000000 0.000000 1.000000
512 0.996945 0.047680 -0.061861 0.086837 0.060528 0.028924 0.997747 0.413206 0.049362 -0.998444 0.025950 1.098047 0.000000 0.000000 0.000000 1.000000
513 0.997157 0.045076 -0.060387 0.098767 0.058990 0.031717 0.997755 0.387254 0.046890 -0.998480 0.028968 1.095011 0.000000 0.000000 0.000000 1.000000
514 0.997450 0.048408 -0.052445 0.108060 0.051193 0.026748 0.998331 0.359215 0.049730 -0.998469 0.024201 1.088817 0.000000 0.000000 0.000000 1.000000
515 0.997897 0.054619 -0.034899 0.117936 0.033701 0.022693 0.999174 0.330708 0.055366 -0.998249 0.020805 1.082485 0.000000 0.000000 0.000000 1.000000
516 0.998354 0.055431 -0.014705 0.128472 0.013593 0.020371 0.999700 0.303637 0.055714 -0.998255 0.019584 1.079226 0.000000 0.000000 0.000000 1.000000
517 0.998460 0.055049 0.006920 0.136114 -0.007769 0.015220 0.999854 0.277802 0.054936 -0.998368 0.015624 1.075851 0.000000 0.000000 0.000000 1.000000
518 0.998368 0.048483 0.030183 0.139663 -0.030328 0.002272 0.999537 0.255210 0.048392 -0.998821 0.003739 1.073835 0.000000 0.000000 0.000000 1.000000
519 0.998174 0.038071 0.046886 0.139195 -0.046698 -0.005827 0.998892 0.230468 0.038302 -0.999258 -0.004039 1.067069 0.000000 0.000000 0.000000 1.000000
520 0.998119 0.027529 0.054771 0.150703 -0.054443 -0.012539 0.998438 0.220863 0.028173 -0.999542 -0.011016 1.065690 0.000000 0.000000 0.000000 1.000000
521 0.997425 0.029681 0.065284 0.146039 -0.064726 -0.019401 0.997714 0.204176 0.030880 -0.999371 -0.017430 1.062862 0.000000 0.000000 0.000000 1.000000
522 0.996525 0.038950 0.073624 0.143849 -0.072678 -0.025188 0.997037 0.191373 0.040689 -0.998924 -0.022270 1.060123 0.000000 0.000000 0.000000 1.000000
523 0.995624 0.050336 0.078741 0.143790 -0.077198 -0.031906 0.996505 0.184717 0.052672 -0.998223 -0.027880 1.054123 0.000000 0.000000 0.000000 1.000000
524 0.995023 0.056821 0.081863 0.138326 -0.079280 -0.046326 0.995775 0.176619 0.060373 -0.997309 -0.041591 1.051767 0.000000 0.000000 0.000000 1.000000
525 0.994847 0.063979 0.078650 0.131486 -0.074875 -0.059408 0.995422 0.168158 0.068359 -0.996181 -0.054312 1.042211 0.000000 0.000000 0.000000 1.000000
526 0.995148 0.067242 0.071820 0.131641 -0.066806 -0.074057 0.995014 0.162811 0.072225 -0.994985 -0.069205 1.037289 0.000000 0.000000 0.000000 1.000000
527 0.996204 0.059657 0.063394 0.129144 -0.058515 -0.080244 0.995056 0.153109 0.064449 -0.994988 -0.076448 1.031388 0.000000 0.000000 0.000000 1.000000
528 0.997246 0.050300 0.054495 0.130304 -0.050344 -0.080406 0.995490 0.144572 0.054455 -0.995492 -0.077652 1.028969 0.000000 0.000000 0.000000 1.000000
529 0.998467 0.038697 0.039567 0.137631 -0.036875 -0.067969 0.997006 0.136985 0.041271 -0.996937 -0.066438 1.024252 0.000000 0.000000 0.000000 1.000000
530 0.998902 0.026898 0.038347 0.130147 -0.036802 -0.055754 0.997766 0.123960 0.028975 -0.998082 -0.054703 1.021206 0.000000 0.000000 0.000000 1.000000
531 0.999049 0.026804 0.034387 0.130094 -0.033079 -0.047804 0.998309 0.112325 0.028403 -0.998497 -0.046872 1.018036 0.000000 0.000000 0.000000 1.000000
532 0.998873 0.036659 0.030147 0.131033 -0.028475 -0.045291 0.998568 0.105458 0.037972 -0.998301 -0.044196 1.018073 0.000000 0.000000 0.000000 1.000000
533 0.998983 0.033875 0.029741 0.134696 -0.028228 -0.044287 0.998620 0.098556 0.035146 -0.998444 -0.043286 1.017560 0.000000 0.000000 0.000000 1.000000
534 0.999061 0.029766 0.031471 0.135539 -0.030156 -0.043661 0.998591 0.091692 0.031098 -0.998603 -0.042722 1.018365 0.000000 0.000000 0.000000 1.000000
535 0.999137 0.028814 0.029931 0.138854 -0.028587 -0.045978 0.998533 0.085880 0.030148 -0.998527 -0.045115 1.016441 0.000000 0.000000 0.000000 1.000000
536 0.999093 0.028898 0.031285 0.140644 -0.029854 -0.048682 0.998368 0.082195 0.030374 -0.998396 -0.047775 1.011682 0.000000 0.000000 0.000000 1.000000
537 0.998610 0.031649 0.042136 0.140263 -0.040640 -0.046505 0.998091 0.074869 0.033548 -0.998417 -0.045154 1.006399 0.000000 0.000000 0.000000 1.000000
538 0.997914 0.031646 0.056264 0.136679 -0.054843 -0.044106 0.997520 0.067517 0.034049 -0.998526 -0.042279 1.004167 0.000000 0.000000 0.000000 1.000000
539 0.997494 0.033559 0.062290 0.135573 -0.060831 -0.042856 0.997228 0.064652 0.036136 -0.998517 -0.040707 1.002150 0.000000 0.000000 0.000000 1.000000
540 0.997466 0.031238 0.063925 0.140563 -0.062612 -0.041343 0.997181 0.065570 0.033793 -0.998657 -0.039282 1.003998 0.000000 0.000000 0.000000 1.000000
541 0.996795 0.035118 0.071876 0.131578 -0.070815 -0.030575 0.997021 0.057493 0.037211 -0.998915 -0.027990 0.996805 0.000000 0.000000 0.000000 1.000000
542 0.996546 0.037018 0.074332 0.133774 -0.073445 -0.024772 0.996992 0.059704 0.038748 -0.999008 -0.021968 0.996368 0.000000 0.000000 0.000000 1.000000
543 0.995878 0.043417 0.079633 0.130827 -0.078905 -0.018229 0.996715 0.055965 0.044726 -0.998891 -0.014728 0.990029 0.000000 0.000000 0.000000 1.000000
544 0.994823 0.047813 0.089671 0.127546 -0.088952 -0.016964 0.995891 0.053526 0.049138 -0.998712 -0.012623 0.989841 0.000000 0.000000 0.000000 1.000000
545 0.993857 0.052744 0.097297 0.127143 -0.096774 -0.012388 0.995229 0.051477 0.053698 -0.998531 -0.007207 0.984228 0.000000 0.000000 0.000000 1.000000
546 0.993523 0.055414 0.099201 0.127888 -0.098666 -0.012312 0.995044 0.053405 0.056361 -0.998388 -0.006765 0.987082 0.000000 0.000000 0.000000 1.000000
547 0.993211 0.058192 0.100726 0.126249 -0.100627 -0.004649 0.994913 0.053436 0.058364 -0.998295 0.001238 0.982927 0.000000 0.000000 0.000000 1.000000
548 0.993272 0.056544 0.101059 0.127385 -0.101296 0.001326 0.994855 0.051492 0.056119 -0.998399 0.007045 0.982924 0.000000 0.000000 0.000000 1.000000
549 0.993449 0.054679 0.100342 0.125769 -0.100880 0.007157 0.994873 0.051313 0.053681 -0.998478 0.012626 0.977193 0.000000 0.000000 0.000000 1.000000
550 0.993717 0.049645 0.100313 0.125173 -0.100859 0.008612 0.994863 0.050254 0.048527 -0.998730 0.013565 0.972332 0.000000 0.000000 0.000000 1.000000
551 0.994181 0.042605 0.098943 0.129744 -0.099162 0.003061 0.995067 0.051544 0.042092 -0.999087 0.007268 0.972218 0.000000 0.000000 0.000000 1.000000
552 0.994165 0.040854 0.099830 0.130688 -0.099933 0.000480 0.994994 0.052756 0.040602 -0.999165 0.004559 0.971664 0.000000 0.000000 0.000000 1.000000
553 0.993931 0.035381 0.104157 0.132147 -0.104299 0.002192 0.994544 0.049032 0.034959 -0.999371 0.005869 0.967171 0.000000 0.000000 0.000000 1.000000
554 0.993622 0.033460 0.107687 0.130934 -0.107880 0.004001 0.994156 0.048307 0.032834 -0.999432 0.007585 0.974438 0.000000 0.000000 0.000000 1.000000
555 0.993506 0.026191 0.110723 0.128001 -0.111268 0.020369 0.993582 0.043423 0.023768 -0.999449 0.023151 0.969353 0.000000 0.000000 0.000000 1.000000
556 0.994067 0.019015 0.107094 0.126740 -0.107755 0.038037 0.993450 0.041724 0.014817 -0.999095 0.039861 0.974538 0.000000 0.000000 0.000000 1.000000
557 0.994481 0.011359 0.104300 0.129894 -0.104776 0.056163 0.992909 0.040711 0.005420 -0.998357 0.057043 0.972472 0.000000 0.000000 0.000000 1.000000
558 0.994170 0.004859 0.107715 0.122780 -0.107813 0.059139 0.992411 0.034883 -0.001548 -0.998238 0.059318 0.971729 0.000000 0.000000 0.000000 1.000000
559 0.994339 0.005699 0.106105 0.119241 -0.106257 0.055339 0.992798 0.032033 -0.000214 -0.998451 0.055632 0.967137 0.000000 0.000000 0.000000 1.000000
560 0.994818 0.002327 0.101646 0.122453 -0.101650 0.044256 0.993835 0.034495 -0.002185 -0.999018 0.044263 0.969280 0.000000 0.000000 0.000000 1.000000
561 0.994557 0.004047 0.104112 0.119677 -0.104190 0.040954 0.993714 0.031392 -0.000242 -0.999153 0.041153 0.968306 0.000000 0.000000 0.000000 1.000000
562 0.994091 0.006552 0.108356 0.116837 -0.108530 0.039393 0.993312 0.029729 0.002240 -0.999202 0.039871 0.970632 0.000000 0.000000 0.000000 1.000000
563 0.994118 -0.001354 0.108292 0.118679 -0.108115 0.046123 0.993068 0.029989 -0.006339 -0.998935 0.045705 0.967647 0.000000 0.000000 0.000000 1.000000
564 0.994556 -0.001249 0.104199 0.114371 -0.104064 0.040238 0.993756 0.027182 -0.005434 -0.999189 0.039889 0.962556 0.000000 0.000000 0.000000 1.000000
565 0.995072 -0.003612 0.099093 0.109973 -0.099016 0.017557 0.994931 0.028684 -0.005333 -0.999839 0.017113 0.962658 0.000000 0.000000 0.000000 1.000000
566 0.995804 -0.002232 0.091483 0.115949 -0.091461 0.008416 0.995773 0.033239 -0.002992 -0.999962 0.008177 0.962091 0.000000 0.000000 0.000000 1.000000
567 0.995071 -0.005053 0.099037 0.105153 -0.099045 -0.001357 0.995082 0.029274 -0.004894 -0.999986 -0.001851 0.963200 0.000000 0.000000 0.000000 1.000000
568 0.995554 -0.009912 0.093669 0.111988 -0.093806 -0.014331 0.995487 0.033663 -0.008525 -0.999848 -0.015197 0.960451 0.000000 0.000000 0.000000 1.000000
569 0.995470 -0.005421 0.094924 0.108673 -0.094985 -0.012351 0.995402 0.032202 -0.004224 -0.999909 -0.012810 0.961460 0.000000 0.000000 0.000000 1.000000
570 0.995668 -0.006598 0.092745 0.112095 -0.092817 -0.011562 0.995616 0.034026 -0.005497 -0.999911 -0.012124 0.959590 0.000000 0.000000 0.000000 1.000000
571 0.995571 -0.007763 0.093688 0.111393 -0.093772 -0.011366 0.995529 0.033594 -0.006664 -0.999905 -0.012044 0.960181 0.000000 0.000000 0.000000 1.000000
572 0.995547 -0.003480 0.094201 0.110393 -0.094232 -0.010219 0.995498 0.031586 -0.002502 -0.999942 -0.010502 0.960081 0.000000 0.000000 0.000000 1.000000
573 0.995617 -0.004020 0.093433 0.111029 -0.093470 -0.010429 0.995567 0.034649 -0.003028 -0.999938 -0.010759 0.960832 0.000000 0.000000 0.000000 1.000000
574 0.995315 -0.005412 0.096531 0.108100 -0.096587 -0.011373 0.995260 0.031702 -0.004289 -0.999921 -0.011843 0.960731 0.000000 0.000000 0.000000 1.000000
575 0.995729 -0.005854 0.092142 0.115094 -0.092194 -0.009222 0.995698 0.036303 -0.004979 -0.999940 -0.009722 0.957573 0.000000 0.000000 0.000000 1.000000
576 0.995800 -0.005264 0.091402 0.115462 -0.091439 -0.007355 0.995784 0.038476 -0.004570 -0.999959 -0.007805 0.953245 0.000000 0.000000 0.000000 1.000000
577 0.995987 -0.006688 0.089242 0.124080 -0.089273 -0.004449 0.995997 0.042493 -0.006264 -0.999968 -0.005028 0.946278 0.000000 0.000000 0.000000 1.000000
578 0.996321 -0.006123 0.085482 0.129599 -0.085527 -0.007382 0.996309 0.045474 -0.005470 -0.999954 -0.007879 0.951060 0.000000 0.000000 0.000000 1.000000
579 0.996297 -0.007855 0.085624 0.127486 -0.085666 -0.005142 0.996311 0.044575 -0.007386 -0.999956 -0.005796 0.946705 0.000000 0.000000 0.000000 1.000000
580 0.996473 -0.008171 0.083510 0.133394 -0.083568 -0.007093 0.996477 0.048617 -0.007550 -0.999941 -0.007750 0.950288 0.000000 0.000000 0.000000 1.000000
581 0.996034 -0.009730 0.088445 0.122004 -0.088499 -0.005290 0.996062 0.044501 -0.009224 -0.999939 -0.006130 0.944313 0.000000 0.000000 0.000000 1.000000
582 0.996079 -0.004711 0.088348 0.121410 -0.088364 -0.003295 0.996083 0.042517 -0.004402 -0.999983 -0.003699 0.943742 0.000000 0.000000 0.000000 1.000000
583 0.995834 -0.005813 0.090994 0.117787 -0.091039 -0.007895 0.995816 0.037450 -0.005070 -0.999952 -0.008391 0.952192 0.000000 0.000000 0.000000 1.000000
584 0.995511 -0.007865 0.094316 0.113413 -0.094383 -0.008576 0.995499 0.034338 -0.007021 -0.999932 -0.009280 0.950320 0.000000 0.000000 0.000000 1.000000
585 0.995319 -0.006383 0.096436 0.109870 -0.096469 -0.005108 0.995323 0.033341 -0.005860 -0.999967 -0.005700 0.946039 0.000000 0.000000 0.000000 1.000000
586 0.995565 -0.004402 0.093975 0.110642 -0.094004 -0.006830 0.995548 0.032416 -0.003740 -0.999967 -0.007214 0.950041 0.000000 0.000000 0.000000 1.000000
587 0.995490 -0.005429 0.094716 0.109215 -0.094772 -0.011256 0.995435 0.032749 -0.004338 -0.999922 -0.011719 0.959262 0.000000 0.000000 0.000000 1.000000
588 0.995565 -0.009721 0.093572 0.113598 -0.093696 -0.013168 0.995514 0.032982 -0.008445 -0.999866 -0.014020 0.958033 0.000000 0.000000 0.000000 1.000000
589 0.995619 -0.007693 0.093184 0.111463 -0.093286 -0.014201 0.995538 0.032727 -0.006336 -0.999870 -0.014857 0.964066 0.000000 0.000000 0.000000 1.000000
590 0.995374 -0.006083 0.095881 0.108412 -0.095952 -0.012720 0.995305 0.030952 -0.004834 -0.999901 -0.013245 0.960454 0.000000 0.000000 0.000000 1.000000
591 0.995403 -0.004820 0.095656 0.107130 -0.095704 -0.011047 0.995349 0.030194 -0.003741 -0.999927 -0.011458 0.959843 0.000000 0.000000 0.000000 1.000000
592 0.995450 -0.006401 0.095068 0.110280 -0.095132 -0.010597 0.995408 0.030356 -0.005364 -0.999923 -0.011157 0.956433 0.000000 0.000000 0.000000 1.000000
593 0.995622 -0.003044 0.093425 0.109613 -0.093454 -0.011357 0.995559 0.031659 -0.001970 -0.999931 -0.011591 0.961832 0.000000 0.000000 0.000000 1.000000
594 0.995256 -0.004468 0.097190 0.103022 -0.097226 -0.008456 0.995226 0.026905 -0.003625 -0.999954 -0.008851 0.955751 0.000000 0.000000 0.000000 1.000000
595 0.995294 -0.006933 0.096651 0.104621 -0.096704 -0.007651 0.995284 0.030799 -0.006161 -0.999947 -0.008286 0.951053 0.000000 0.000000 0.000000 1.000000
596 0.995282 -0.007030 0.096771 0.105516 -0.096809 -0.005328 0.995289 0.031797 -0.006481 -0.999961 -0.005984 0.943393 0.000000 0.000000 0.000000 1.000000
597 0.996461 -0.007354 0.083730 0.131506 -0.083793 -0.008609 0.996446 0.044767 -0.006607 -0.999936 -0.009195 0.953716 0.000000 0.000000 0.000000 1.000000
598 0.995937 -0.005964 0.089853 0.116550 -0.089905 -0.009070 0.995909 0.036556 -0.005125 -0.999941 -0.009570 0.955396 0.000000 0.000000 0.000000 1.000000
599 0.995407 -0.006664 0.095505 0.106974 -0.095577 -0.011466 0.995356 0.032230 -0.005538 -0.999912 -0.012050 0.960545 0.000000 0.000000 0.000000 1.000000
600 0.994847 -0.005776 0.101227 0.097662 -0.101282 -0.010176 0.994806 0.026302 -0.004716 -0.999932 -0.010709 0.956684 0.000000 0.000000 0.000000 1.000000
601 0.995181 -0.004996 0.097928 0.102324 -0.097986 -0.012954 0.995103 0.029563 -0.003703 -0.999904 -0.013381 0.963281 0.000000 0.000000 0.000000 1.000000
602 0.995128 -0.005466 0.098438 0.101696 -0.098497 -0.011759 0.995068 0.029847 -0.004281 -0.999916 -0.012240 0.960948 0.000000 0.000000 0.000000 1.000000
603 0.995057 -0.004736 0.099197 0.099411 -0.099238 -0.009182 0.995021 0.027340 -0.003802 -0.999947 -0.009607 0.955902 0.000000 0.000000 0.000000 1.000000
604 0.994969 -0.004890 0.100062 0.099010 -0.100112 -0.011422 0.994911 0.027792 -0.003722 -0.999923 -0.011855 0.959827 0.000000 0.000000 0.000000 1.000000
605 0.994873 -0.004871 0.101010 0.096851 -0.101049 -0.008592 0.994844 0.025968 -0.003978 -0.999951 -0.009040 0.954025 0.000000 0.000000 0.000000 1.000000
606 0.994754 -0.005835 0.102127 0.096323 -0.102188 -0.011303 0.994701 0.026539 -0.004649 -0.999919 -0.011840 0.958673 0.000000 0.000000 0.000000 1.000000
607 0.994799 -0.006325 0.101663 0.096504 -0.101726 -0.010459 0.994758 0.026369 -0.005229 -0.999925 -0.011048 0.957688 0.000000 0.000000 0.000000 1.000000
608 0.994729 -0.003888 0.102461 0.094069 -0.102495 -0.010069 0.994683 0.025141 -0.002836 -0.999942 -0.010415 0.956550 0.000000 0.000000 0.000000 1.000000
609 0.994597 -0.005844 0.103645 0.095238 -0.103684 -0.006923 0.994586 0.024877 -0.005095 -0.999959 -0.007492 0.951508 0.000000 0.000000 0.000000 1.000000
610 0.994765 -0.004442 0.102092 0.095744 -0.102131 -0.009875 0.994722 0.027135 -0.003411 -0.999941 -0.010277 0.956668 0.000000 0.000000 0.000000 1.000000
611 0.994740 -0.004703 0.102323 0.096532 -0.102363 -0.009258 0.994704 0.026691 -0.003730 -0.999946 -0.009691 0.955631 0.000000 0.000000 0.000000 1.000000
612 0.994644 -0.005129 0.103229 0.094678 -0.103277 -0.010145 0.994601 0.027473 -0.004054 -0.999935 -0.010620 0.957494 0.000000 0.000000 0.000000 1.000000
613 0.994872 -0.002755 0.101106 0.097210 -0.101126 -0.008546 0.994837 0.027183 -0.001876 -0.999960 -0.008781 0.955713 0.000000 0.000000 0.000000 1.000000
614 0.994920 -0.003661 0.100607 0.097899 -0.100638 -0.009571 0.994877 0.027624 -0.002680 -0.999947 -0.009890 0.957187 0.000000 0.000000 0.000000 1.000000
615 0.994841 -0.004523 0.101346 0.096532 -0.101392 -0.011409 0.994781 0.026425 -0.003343 -0.999925 -0.011808 0.959486 0.000000 0.000000 0.000000 1.000000
616 0.994883 -0.005307 0.100893 0.097599 -0.100944 -0.010490 0.994837 0.025902 -0.004221 -0.999931 -0.010972 0.957926 0.000000 0.000000 0.000000 1.000000
617 0.994908 -0.004077 0.100706 0.096848 -0.100744 -0.010433 0.994858 0.026254 -0.003006 -0.999937 -0.010790 0.957545 0.000000 0.000000 0.000000 1.000000
618 0.994832 -0.003086 0.101486 0.097845 -0.101511 -0.009728 0.994787 0.026511 -0.002083 -0.999948 -0.009991 0.956683 0.000000 0.000000 0.000000 1.000000
619 0.994950 -0.002596 0.100337 0.098017 -0.100359 -0.010465 0.994896 0.026814 -0.001532 -0.999942 -0.010672 0.958154 0.000000 0.000000 0.000000 1.000000
620 0.994795 -0.003430 0.101839 0.096910 -0.101871 -0.011131 0.994735 0.027027 -0.002279 -0.999932 -0.011423 0.959513 0.000000 0.000000 0.000000 1.000000
621 0.994994 -0.003299 0.099879 0.098927 -0.099909 -0.010602 0.994940 0.026166 -0.002224 -0.999938 -0.010878 0.958309 0.000000 0.000000 0.000000 1.000000
622 0.994902 -0.003868 0.100769 0.098962 -0.100804 -0.010346 0.994853 0.025934 -0.002806 -0.999939 -0.010683 0.957815 0.000000 0.000000 0.000000 1.000000
623 0.994915 -0.003037 0.100676 0.096987 -0.100705 -0.011546 0.994849 0.026604 -0.001859 -0.999929 -0.011793 0.959929 0.000000 0.000000 0.000000 1.000000
624 0.994861 -0.003959 0.101177 0.098573 -0.101213 -0.010374 0.994811 0.026635 -0.002889 -0.999938 -0.010722 0.957866 0.000000 0.000000 0.000000 1.000000
625 0.994685 -0.005045 0.102839 0.097107 -0.102889 -0.010823 0.994634 0.025587 -0.003904 -0.999929 -0.011284 0.958005 0.000000 0.000000 0.000000 1.000000
626 0.994925 -0.003600 0.100557 0.098775 -0.100591 -0.011020 0.994867 0.028411 -0.002473 -0.999933 -0.011326 0.959014 0.000000 0.000000 0.000000 1.000000
627 0.994861 -0.004558 0.101143 0.098430 -0.101191 -0.011998 0.994795 0.028331 -0.003320 -0.999918 -0.012398 0.960659 0.000000 0.000000 0.000000 1.000000
628 0.994985 -0.003140 0.099980 0.098585 -0.100011 -0.011955 0.994915 0.026746 -0.001928 -0.999924 -0.012209 0.960432 0.000000 0.000000 0.000000 1.000000
629 0.994918 -0.003499 0.100631 0.099335 -0.100666 -0.011999 0.994848 0.027037 -0.002273 -0.999922 -0.012290 0.959881 0.000000 0.000000 0.000000 1.000000
630 0.994856 -0.004335 0.101210 0.097822 -0.101253 -0.011494 0.994794 0.027746 -0.003150 -0.999925 -0.011873 0.960020 0.000000 0.000000 0.000000 1.000000
631 0.994966 -0.003127 0.100164 0.099160 -0.100190 -0.009709 0.994921 0.026329 -0.002139 -0.999948 -0.009974 0.956218 0.000000 0.000000 0.000000 1.000000
632 0.994953 -0.003564 0.100283 0.098909 -0.100316 -0.010938 0.994895 0.027667 -0.002448 -0.999934 -0.011241 0.958864 0.000000 0.000000 0.000000 1.000000
633 0.994914 -0.001547 0.100721 0.096624 -0.100732 -0.011060 0.994852 0.027630 -0.000426 -0.999938 -0.011160 0.958849 0.000000 0.000000 0.000000 1.000000
634 0.994881 -0.003921 0.100974 0.099071 -0.101013 -0.011717 0.994816 0.027887 -0.002717 -0.999924 -0.012054 0.959717 0.000000 0.000000 0.000000 1.000000
635 0.994863 -0.004192 0.101147 0.097984 -0.101188 -0.011048 0.994806 0.026525 -0.003053 -0.999930 -0.011415 0.958027 0.000000 0.000000 0.000000 1.000000
636 0.994899 -0.004443 0.100776 0.098826 -0.100819 -0.010694 0.994847 0.027197 -0.003342 -0.999933 -0.011088 0.958579 0.000000 0.000000 0.000000 1.000000
637 0.994972 -0.003787 0.100080 0.100421 -0.100113 -0.009802 0.994928 0.027626 -0.002787 -0.999945 -0.010131 0.956531 0.000000 0.000000 0.000000 1.000000
638 0.994875 -0.003953 0.101030 0.097463 -0.101067 -0.010572 0.994823 0.026383 -0.002865 -0.999936 -0.010917 0.957962 0.000000 0.000000 0.000000 1.000000
639 0.994914 -0.003862 0.100656 0.099061 -0.100689 -0.009492 0.994873 0.026721 -0.002886 -0.999947 -0.009833 0.955667 0.000000 0.000000 0.000000 1.000000
640 0.994915 -0.003965 0.100640 0.098410 -0.100675 -0.009953 0.994870 0.026247 -0.002943 -0.999943 -0.010301 0.956463 0.000000 0.000000 0.000000 1.000000
641 0.994888 -0.003860 0.100912 0.098588 -0.100949 -0.011042 0.994830 0.026772 -0.002726 -0.999932 -0.011375 0.957791 0.000000 0.000000 0.000000 1.000000
642 0.994915 -0.003771 0.100646 0.098429 -0.100680 -0.010388 0.994865 0.026609 -0.002706 -0.999939 -0.010715 0.958005 0.000000 0.000000 0.000000 1.000000
643 0.994927 -0.004135 0.100515 0.098992 -0.100554 -0.010746 0.994874 0.027948 -0.003034 -0.999934 -0.011107 0.958541 0.000000 0.000000 0.000000 1.000000
644 0.994975 -0.003300 0.100067 0.099709 -0.100096 -0.010095 0.994927 0.027756 -0.002273 -0.999944 -0.010374 0.957049 0.000000 0.000000 0.000000 1.000000
645 0.994946 -0.004138 0.100328 0.099776 -0.100363 -0.009612 0.994904 0.027184 -0.003153 -0.999945 -0.009978 0.956201 0.000000 0.000000 0.000000 1.000000
646 0.994919 -0.004839 0.100557 0.099102 -0.100603 -0.010210 0.994874 0.026862 -0.003788 -0.999936 -0.010645 0.956621 0.000000 0.000000 0.000000 1.000000
647 0.994724 -0.005427 0.102447 0.096157 -0.102500 -0.010632 0.994676 0.027888 -0.004309 -0.999929 -0.011132 0.957740 0.000000 0.000000 0.000000 1.000000
648 0.994947 -0.005799 0.100231 0.100717 -0.100292 -0.011356 0.994893 0.027839 -0.004631 -0.999919 -0.011880 0.958914 0.000000 0.000000 0.000000 1.000000
649 0.994950 -0.004716 0.100259 0.099664 -0.100298 -0.008883 0.994918 0.026697 -0.003801 -0.999949 -0.009311 0.955044 0.000000 0.000000 0.000000 1.000000
